30
19351
0 0 0 1 0 0 0 0 0 0 0 0 0 0 0 1 0 0 0 0 0 0 0 0 0 0 1 0 0 1 0 0 0 0 1 0 0 0 0 1 0 1 0 0 0 0 0 1 0 0 0 0 0 0 1 0 1 0 0 0 1 0 0 0 0 0 0 0 0 0 0 0 0 0 0 0 1 0 0 1 1 0 1 0 1 0 0 0 0 0 0 1 0 1 0 0 0 0 1 0 
17401
0 1 0 0 0 0 0 0 0 0 0 0 0 0 0 0 0 0 0 0 1 0 0 0 1 0 0 0 1 0 0 0 0 0 0 1 0 1 0 0 0 0 0 0 0 0 1 1 0 1 0 0 0 0 0 0 0 1 0 0 0 0 0 0 0 1 0 1 1 0 0 0 0 0 0 0 0 0 0 0 1 0 0 1 0 0 0 0 0 0 0 0 0 0 0 1 0 0 0 1 
17692
0 0 0 0 0 0 0 1 1 1 1 0 0 0 0 0 0 0 0 0 1 0 0 0 0 0 0 0 0 1 0 0 1 0 1 0 0 0 1 0 1 0 1 0 0 0 0 1 0 0 0 0 0 0 0 0 0 0 0 1 0 1 0 0 1 0 0 1 1 0 0 0 0 0 0 0 0 0 0 0 0 0 0 0 0 0 0 0 0 0 0 0 1 0 0 0 0 0 0 0 
19787
1 0 0 1 1 0 0 0 0 0 0 1 0 0 0 1 0 0 0 0 0 0 0 0 1 0 1 0 1 0 0 0 0 0 0 0 0 0 0 0 0 0 0 0 0 0 1 0 1 0 0 0 0 0 1 0 1 0 0 0 0 1 0 0 0 1 0 0 0 0 0 0 0 0 1 0 0 0 0 0 0 0 0 0 0 0 0 1 0 0 1 1 0 0 1 0 0 0 0 0 
18679
0 0 0 1 1 0 0 0 1 0 0 0 0 1 0 0 1 1 0 0 0 1 0 1 0 0 0 0 1 0 0 1 1 0 1 0 0 1 0 0 0 0 0 1 0 0 0 0 0 0 0 0 0 0 0 0 1 0 0 0 0 0 0 0 0 0 0 1 0 0 1 0 0 0 0 0 0 0 0 0 0 0 0 0 1 0 0 0 0 0 0 0 0 0 0 0 0 0 0 0 
18731
0 0 0 0 0 0 0 0 0 0 1 0 0 0 0 0 0 1 0 1 0 0 1 1 1 0 0 0 1 0 0 0 1 1 0 0 0 1 0 0 0 0 0 0 0 1 0 0 0 0 0 0 0 0 1 0 0 0 0 0 0 0 0 0 0 0 0 0 0 0 1 0 1 0 1 0 0 0 0 0 0 0 1 1 0 0 0 0 1 0 0 0 0 0 0 0 0 0 0 0 
19841
0 0 0 0 0 0 0 1 0 1 0 0 0 0 0 1 0 0 0 0 0 1 0 0 1 1 0 0 0 0 0 0 0 0 0 0 0 0 0 0 0 1 0 0 0 0 0 0 1 0 1 0 0 0 0 1 0 0 0 1 0 0 0 1 0 0 0 0 1 1 0 0 0 0 0 0 0 0 0 1 0 0 0 0 0 0 0 0 1 0 0 0 0 0 0 0 1 1 1 0 
19928
0 0 0 0 0 0 0 0 0 1 0 0 0 1 1 0 1 0 1 0 0 0 0 0 0 0 0 1 0 1 0 1 0 0 0 0 0 0 0 0 0 1 0 0 0 0 1 1 0 0 0 1 0 0 0 0 0 1 0 1 0 0 0 0 1 1 0 0 0 0 1 0 0 1 0 0 0 0 0 0 0 0 0 0 0 0 0 1 0 0 1 0 0 0 0 0 0 0 0 0 
18976
0 0 0 0 0 1 0 0 0 0 1 0 0 0 1 0 0 0 0 0 0 0 1 0 1 0 0 0 0 0 0 0 0 0 0 0 0 0 0 0 0 0 0 0 1 0 0 1 0 0 0 0 1 0 0 0 0 0 0 0 0 0 0 0 0 0 0 0 0 0 0 0 1 0 0 0 0 1 1 0 0 0 1 0 1 0 1 0 0 0 1 0 0 0 1 0 1 1 0 0 
21382
0 0 0 0 0 0 0 1 0 0 1 0 1 0 1 1 0 0 0 0 0 0 1 0 0 0 1 0 0 0 0 0 0 1 0 1 0 1 0 1 0 0 1 0 0 1 0 0 0 0 1 0 0 1 0 0 0 0 0 0 0 1 0 0 0 0 0 0 0 0 1 0 0 0 1 0 0 0 0 0 1 0 0 0 0 0 0 0 0 0 0 1 1 0 0 0 0 0 0 0 
38684
1 0 1 1 0 1 0 1 1 0 1 1 1 0 0 0 0 1 1 0 0 0 0 0 1 0 1 0 1 0 0 0 1 0 1 0 0 0 0 0 0 0 1 0 0 0 1 0 0 0 0 0 1 0 0 0 1 1 0 1 0 0 0 0 0 0 0 0 1 0 0 1 0 0 1 0 1 0 0 0 1 0 1 1 1 1 1 1 1 0 0 0 1 1 0 1 1 1 1 1 
36188
0 0 0 0 0 0 1 1 0 0 0 0 1 1 0 0 0 0 0 0 0 0 0 1 1 1 0 1 0 0 1 0 1 0 0 0 0 1 0 1 1 0 1 1 0 0 1 1 1 0 1 0 0 0 1 1 0 1 0 0 0 1 0 1 1 1 0 0 0 0 1 0 0 1 0 0 0 0 1 0 0 1 0 1 1 1 1 1 0 0 1 0 0 0 0 0 1 1 0 1 
34532
0 0 1 1 1 0 0 0 1 0 0 1 1 0 0 0 1 0 1 1 0 0 0 1 0 1 0 0 1 0 0 1 1 0 1 0 1 0 0 0 1 1 0 0 1 0 0 0 0 1 0 0 1 1 0 0 0 1 1 0 1 1 0 0 1 0 0 0 0 0 0 1 0 0 0 1 0 1 0 1 0 0 0 1 0 1 0 0 0 0 0 1 1 0 1 1 0 0 1 0 
37478
1 0 0 0 0 0 0 1 1 0 0 0 1 1 0 0 1 1 0 0 0 1 0 1 0 1 1 0 1 0 0 1 0 1 0 0 1 1 0 0 1 1 1 0 0 0 0 0 1 0 0 0 0 0 1 0 1 1 1 1 0 0 1 1 0 0 0 0 1 0 1 1 0 1 1 0 0 0 1 0 0 0 1 1 0 0 0 0 0 0 0 1 0 0 0 1 0 0 1 1 
37524
0 0 1 1 0 0 1 0 0 1 0 0 0 0 0 0 1 0 1 0 1 1 0 1 1 1 1 1 1 0 0 1 0 0 0 0 1 0 0 1 1 0 0 0 0 0 1 0 1 0 1 0 1 0 0 0 1 1 0 0 0 0 1 0 0 1 1 1 0 0 1 0 0 0 0 0 0 1 1 0 1 0 0 1 1 1 0 1 0 0 1 0 1 1 0 1 1 0 1 0 
27961
0 1 0 0 0 0 0 1 0 0 1 0 0 1 0 0 0 0 0 0 0 0 0 0 0 0 0 0 1 0 0 0 1 0 1 1 1 0 1 0 0 0 0 0 1 0 0 1 0 1 0 1 0 0 0 1 1 1 0 1 1 0 1 0 1 0 0 1 0 0 0 0 0 0 0 1 0 1 0 0 0 0 0 1 1 0 0 1 0 0 0 0 0 1 0 0 0 0 1 0 
37002
0 0 0 0 1 0 0 1 1 1 1 0 0 0 0 0 1 0 0 0 1 0 1 1 1 0 0 1 0 1 0 1 1 1 0 1 0 0 0 0 1 1 0 0 0 0 1 0 1 0 1 0 1 1 1 0 1 1 1 1 0 1 1 1 1 0 1 1 1 0 0 0 1 0 0 1 0 0 0 0 0 1 0 0 1 1 0 0 1 0 0 0 0 0 0 0 0 0 0 0 
36205
0 0 0 0 0 0 0 1 0 0 0 0 0 0 0 0 1 1 1 1 0 0 1 1 1 0 0 1 0 1 1 1 1 0 1 0 0 1 0 0 1 0 1 0 0 0 0 0 0 0 1 0 0 1 1 0 0 0 1 0 0 1 1 1 1 0 0 1 0 0 0 0 1 0 0 0 1 1 0 0 1 0 0 1 0 1 0 1 1 0 1 0 0 0 0 1 1 0 1 0 
37847
0 0 0 1 0 0 1 0 0 0 1 0 0 0 1 0 0 1 1 1 1 1 1 0 0 0 0 1 0 0 0 0 1 1 1 0 0 0 0 0 1 1 0 1 0 0 0 0 1 0 0 1 0 0 0 0 1 1 1 1 1 1 1 1 1 0 1 0 0 0 1 0 0 1 0 0 1 0 1 0 1 1 0 1 0 0 0 1 0 0 1 0 0 0 0 1 0 0 1 0 
35821
1 0 0 0 1 1 1 0 0 1 0 0 0 1 0 1 0 1 0 0 1 1 0 1 1 0 0 1 1 1 0 0 0 0 0 0 0 0 1 1 0 0 1 0 0 0 0 1 0 0 0 0 0 0 0 0 0 1 0 0 0 1 0 0 1 0 1 0 1 1 0 1 0 1 1 1 1 0 1 0 0 1 1 1 1 0 0 0 0 0 0 1 0 1 1 0 0 0 0 0 
48220
1 1 1 0 0 1 0 0 0 0 1 1 0 0 0 0 1 0 1 1 1 0 0 0 0 1 1 0 1 1 0 1 1 1 0 1 1 1 0 1 1 1 1 1 0 1 0 1 1 0 1 0 1 0 1 1 0 0 1 1 0 1 1 0 1 0 1 1 0 1 1 1 0 0 0 1 1 0 1 0 0 1 1 0 0 1 1 1 1 1 0 0 1 0 1 0 0 0 0 0 
47024
1 1 1 1 0 1 0 0 0 0 0 1 0 1 1 0 1 1 0 0 1 1 1 0 1 0 1 0 1 0 1 0 1 0 1 0 0 0 0 0 0 0 1 0 0 0 1 1 0 1 0 0 1 1 1 1 0 1 1 1 1 0 1 1 1 1 0 1 0 0 0 0 0 0 0 1 1 1 0 1 0 1 0 0 1 1 0 1 1 1 0 1 0 0 1 0 1 1 1 0 
39915
0 0 1 1 0 0 0 1 0 0 1 0 0 0 0 1 1 0 1 0 1 1 1 0 1 0 0 1 1 1 1 0 0 0 0 1 1 1 1 0 0 0 0 0 1 1 1 1 1 0 1 1 1 1 1 0 1 0 1 1 0 0 0 0 0 1 1 1 0 1 0 0 0 1 0 0 0 0 0 0 0 0 0 1 0 0 1 1 0 1 0 0 1 0 0 0 0 0 1 1 
43080
1 1 0 1 1 0 0 0 0 1 0 1 0 0 0 1 0 1 1 1 0 1 0 0 1 0 1 1 0 0 0 1 0 1 1 1 0 1 1 1 1 0 0 0 0 0 0 1 0 0 1 0 1 1 1 1 0 0 0 0 1 1 0 0 0 1 1 0 0 0 1 1 0 1 0 1 1 0 1 0 0 1 1 0 1 1 1 0 0 0 1 0 0 1 0 0 0 1 0 1 
42952
1 0 1 1 1 0 1 1 1 1 0 0 0 0 1 0 1 1 0 0 1 0 0 1 0 0 1 0 0 1 0 1 0 0 1 1 0 1 0 1 0 0 0 1 0 1 1 1 0 0 0 0 0 1 1 0 0 0 1 0 0 1 0 0 0 1 1 1 1 0 1 0 0 0 1 1 0 0 0 1 1 1 1 0 1 0 0 0 1 1 0 0 1 1 0 0 1 1 1 0 
48986
1 0 1 1 1 0 1 0 1 1 0 1 0 0 1 0 1 1 0 1 0 0 0 0 1 1 0 0 0 0 1 0 1 1 0 1 0 1 0 1 1 1 1 1 0 0 0 1 0 0 0 0 1 0 0 1 0 1 0 1 1 0 1 1 0 1 0 1 0 1 0 0 1 1 0 1 1 1 1 0 0 0 1 1 1 1 0 1 1 1 1 1 1 1 0 1 1 1 0 1 
48713
0 0 0 1 1 1 0 1 1 0 1 1 1 1 1 1 1 1 0 0 0 1 1 1 0 0 1 0 1 1 0 1 0 1 0 0 0 1 1 0 0 0 0 0 0 1 1 0 0 0 1 0 1 1 1 0 0 1 1 1 1 0 1 1 1 0 1 1 0 1 0 0 0 0 1 1 1 0 0 0 1 1 1 1 1 0 1 1 0 1 0 0 1 0 1 0 1 0 1 0 
45290
1 1 1 1 0 1 0 0 0 0 0 0 1 1 0 0 1 0 0 0 0 1 1 0 0 0 0 1 0 1 1 0 0 1 0 1 0 0 0 1 0 1 1 1 1 1 1 1 1 1 1 0 0 1 1 1 1 0 0 0 1 1 1 1 0 1 0 1 0 0 0 1 0 1 1 0 1 0 0 0 1 0 1 0 0 1 0 0 1 1 0 1 0 0 0 1 1 0 1 1 
43209
0 1 1 0 1 0 0 0 1 1 0 1 0 0 0 0 0 1 0 0 1 0 1 1 0 0 1 1 1 0 1 0 0 0 0 1 1 0 1 1 1 1 0 0 1 0 1 1 1 0 0 0 0 0 0 0 0 0 1 0 1 1 0 1 1 0 0 1 0 0 1 1 0 1 1 1 1 0 1 1 0 0 0 1 1 0 1 0 0 1 1 1 0 0 1 1 0 0 1 1 
45926
1 1 1 1 1 0 1 1 1 1 0 0 1 0 1 0 1 1 0 0 0 0 1 0 0 0 1 0 0 0 1 0 0 0 1 0 0 0 1 0 1 1 1 0 0 0 1 1 1 0 0 0 0 1 1 1 0 1 0 1 1 0 0 1 1 0 0 1 1 0 1 1 0 0 1 1 1 1 0 1 1 0 0 0 1 0 1 0 0 1 0 0 1 1 1 1 1 1 0 0 
