30
21735
1 0 0 0 0 1 0 0 0 0 0 0 0 0 1 0 1 0 1 0 0 0 0 1 0 0 1 1 0 1 0 0 0 0 0 0 0 0 0 0 0 0 0 1 0 0 0 0 0 0 0 0 0 0 1 0 0 0 0 0 0 0 0 1 0 1 1 1 0 0 0 0 1 1 0 0 0 1 0 0 0 0 0 0 0 0 0 0 0 1 1 0 1 0 0 1 0 0 1 0 
21716
0 1 0 0 0 0 1 1 0 0 0 1 0 0 0 0 1 0 0 1 0 0 0 0 0 0 0 0 0 0 0 0 1 0 0 1 0 1 0 1 0 0 0 0 1 0 0 1 0 0 0 0 0 0 1 0 1 0 1 0 0 0 0 1 1 0 0 0 0 0 0 0 0 0 0 0 0 0 1 0 0 0 1 1 0 1 1 0 0 0 0 0 0 0 0 1 0 1 1 0 
20466
1 1 0 0 0 0 0 1 0 0 0 0 0 0 0 0 1 0 0 0 0 1 0 1 0 0 0 0 0 0 0 0 0 0 0 0 1 0 0 0 0 0 0 0 0 0 0 1 0 1 0 1 0 0 0 1 1 0 1 0 0 0 0 1 1 0 0 0 0 0 1 1 1 0 0 0 1 0 0 0 0 0 0 0 0 0 0 0 0 1 1 1 0 0 0 0 0 1 0 0 
21411
0 0 0 1 0 0 0 1 0 0 0 1 1 1 0 0 0 0 0 0 0 1 0 0 0 1 0 0 1 0 1 0 0 1 1 0 0 0 0 0 0 0 0 0 1 0 0 0 0 0 1 0 0 1 0 0 1 0 0 1 0 0 0 0 0 0 0 1 0 1 0 0 0 0 0 0 0 0 0 0 0 0 1 1 0 0 0 1 0 0 0 0 0 0 1 0 1 0 1 0 
21814
0 1 0 0 0 1 0 1 0 0 0 1 0 0 0 0 0 1 0 0 1 0 0 1 0 0 1 1 0 0 0 0 1 1 0 0 0 0 0 0 1 0 1 0 0 0 0 0 1 0 0 0 0 1 0 0 0 0 0 0 0 1 0 0 0 1 0 0 0 0 0 0 0 0 1 0 1 1 0 1 0 0 0 0 0 0 0 1 0 0 0 1 0 0 0 0 1 0 0 0 
22176
0 0 0 0 0 0 0 0 0 0 0 1 0 0 1 0 1 0 0 0 1 0 0 1 0 0 0 0 0 0 0 0 0 1 1 0 0 0 1 1 0 1 0 0 1 0 0 0 1 0 0 0 1 0 0 0 0 1 0 1 0 0 0 0 0 0 0 0 1 0 0 0 0 0 0 0 0 1 1 0 0 0 0 0 1 0 1 0 0 0 1 0 0 1 1 1 0 0 0 0 
21772
0 0 0 1 0 0 0 0 0 1 0 0 0 1 0 0 1 0 0 0 0 1 1 0 0 0 0 0 0 1 0 0 0 0 0 1 0 0 0 1 0 0 0 0 1 0 0 0 0 0 1 0 1 1 0 0 0 0 0 1 0 1 0 1 1 0 0 0 0 0 0 0 0 1 1 0 0 0 0 1 0 1 0 0 1 0 0 0 0 0 1 0 0 0 0 0 0 0 0 1 
21169
1 0 1 0 1 0 0 0 0 1 1 0 1 0 0 0 0 1 0 0 0 1 0 0 0 0 0 1 0 1 0 1 0 0 0 1 1 0 0 0 0 0 0 0 0 0 1 0 0 1 0 0 0 0 0 0 1 0 0 0 0 0 0 1 0 0 1 0 1 0 0 0 0 0 0 0 0 0 0 1 0 1 0 0 0 1 0 0 0 0 0 0 0 0 0 0 0 0 0 1 
22395
0 0 0 0 1 0 0 0 0 0 0 1 0 0 0 0 0 1 0 0 0 0 1 0 0 0 0 0 1 1 0 0 0 1 0 0 0 0 0 0 0 0 0 0 0 1 0 0 0 1 0 0 0 0 1 0 0 0 1 1 1 0 0 1 0 0 1 1 0 0 0 1 1 0 0 0 0 0 0 0 1 1 1 0 0 0 0 1 0 0 0 0 1 0 0 0 0 1 0 0 
20944
0 0 1 1 0 1 1 1 0 0 0 0 0 0 0 1 0 0 0 1 0 0 0 0 0 0 0 0 0 0 1 1 1 0 1 0 0 0 0 0 0 1 0 0 1 0 1 0 0 0 0 0 0 0 0 0 0 0 0 0 0 0 0 1 1 0 0 1 0 1 0 0 1 0 0 0 0 0 1 0 0 0 0 0 0 1 0 0 0 0 0 0 1 0 1 0 0 1 0 0 
40512
1 1 0 0 0 0 0 1 1 1 1 0 0 1 1 0 0 0 1 0 1 1 0 0 0 0 1 1 1 1 0 1 1 1 0 0 0 0 1 0 1 1 0 0 0 0 1 1 1 0 0 0 1 0 0 0 1 1 1 1 1 0 1 1 1 0 1 0 0 0 0 0 1 0 0 1 0 1 0 0 0 1 0 1 1 1 1 1 1 0 0 0 1 0 0 1 1 0 1 0 
41304
0 1 0 0 0 0 1 0 1 0 1 1 1 0 0 1 1 0 1 1 1 1 0 0 0 1 1 0 1 1 0 0 0 0 1 0 0 0 0 1 0 0 1 1 0 0 0 1 1 0 1 1 0 0 1 1 0 1 0 0 0 1 0 1 1 1 1 1 0 1 1 1 0 1 0 0 1 0 1 1 0 0 0 0 1 0 0 0 1 0 0 0 1 1 1 1 0 1 1 0 
41576
0 0 1 0 0 1 0 0 0 1 1 1 1 0 1 1 0 0 1 0 1 0 0 0 1 0 1 0 1 1 1 1 1 1 1 1 1 1 0 0 0 1 0 0 0 1 1 1 1 1 1 1 1 0 1 0 1 0 0 0 1 0 1 0 0 1 0 0 1 1 0 1 1 1 1 0 0 0 0 0 0 0 1 1 0 1 0 1 0 1 1 0 1 0 1 0 0 0 0 0 
40972
1 0 0 0 1 0 0 0 1 1 1 0 0 1 1 1 1 1 1 1 1 1 1 0 0 1 1 0 0 0 0 1 0 0 0 1 0 0 0 0 0 1 0 1 1 1 0 1 1 1 0 0 0 0 0 0 1 1 1 1 1 0 0 0 0 0 0 1 0 1 0 1 1 0 0 1 0 0 1 1 0 0 0 1 0 0 0 1 1 1 1 1 1 0 1 0 0 1 1 1 
40845
1 0 0 0 1 1 1 0 1 1 1 0 0 0 1 0 1 0 1 1 1 0 0 0 0 1 0 1 0 1 0 1 0 0 0 0 1 0 1 1 0 1 1 1 0 0 1 0 0 0 1 1 0 1 1 1 0 0 0 0 0 1 0 0 0 0 1 1 1 1 0 1 1 0 1 0 1 1 0 0 1 1 0 1 1 0 0 1 0 0 1 1 0 0 0 1 1 0 0 1 
41058
0 1 0 1 1 0 1 1 0 0 0 1 1 1 0 1 1 0 0 0 1 1 1 0 1 0 0 0 1 1 0 0 0 0 1 0 0 0 1 1 0 1 0 0 0 1 1 1 1 0 1 0 0 0 1 0 0 1 1 0 1 0 1 0 0 1 1 0 0 0 0 0 1 0 1 0 1 1 0 0 0 0 1 1 0 1 0 1 1 1 1 1 0 0 1 1 0 1 1 0 
41038
1 0 1 0 0 1 0 0 1 0 1 0 1 0 0 1 0 1 0 0 1 0 1 0 0 0 0 0 1 1 0 0 0 1 0 1 1 1 0 1 1 1 1 1 1 0 0 1 1 1 0 0 0 1 1 1 1 0 0 0 0 1 0 0 1 1 0 0 1 1 0 0 1 1 0 0 0 1 0 1 1 1 1 0 0 1 1 1 0 1 0 0 0 1 0 1 0 0 1 1 
42692
1 0 0 1 0 0 1 1 1 0 0 1 0 1 1 0 0 0 0 1 0 1 0 1 1 0 1 0 1 1 1 0 1 0 1 0 1 0 1 0 0 0 1 1 1 0 0 0 0 1 0 0 0 1 0 0 0 1 1 1 0 0 0 1 0 1 0 0 0 0 1 0 0 1 0 0 0 1 1 1 0 1 0 1 0 1 1 1 1 0 1 0 1 1 0 1 1 0 1 1 
42230
0 1 1 1 1 0 0 1 1 1 0 0 1 1 1 0 1 0 1 0 0 1 1 1 0 0 0 1 1 1 0 1 1 1 1 0 1 1 1 0 0 0 0 0 1 1 0 0 0 0 0 0 0 0 0 1 0 1 1 0 0 1 0 1 0 1 1 0 0 0 1 0 0 1 1 1 0 0 0 1 1 0 0 0 1 1 1 1 0 0 1 1 0 0 0 1 0 1 0 1 
41700
0 1 0 0 1 0 0 1 0 1 0 1 0 1 0 1 1 0 0 0 1 0 0 0 0 1 1 1 1 0 0 1 0 1 0 0 0 0 0 1 0 0 0 1 1 0 1 0 1 0 1 1 0 1 1 1 0 0 1 1 1 0 1 1 0 0 1 0 0 1 1 1 1 0 0 1 1 1 1 1 0 1 1 0 1 1 0 0 0 1 0 1 0 0 0 1 1 1 0 0 
57494
1 1 0 1 1 0 1 1 1 1 0 0 0 1 1 1 1 1 1 0 1 1 1 1 0 1 1 1 1 1 0 1 1 1 1 0 1 1 0 1 1 1 1 1 0 1 0 0 0 1 0 1 1 0 0 1 1 1 1 0 1 1 1 1 1 0 1 1 1 1 1 1 1 1 1 1 0 1 0 0 0 0 0 1 0 0 1 1 1 1 1 1 1 1 1 1 1 1 1 1 
59997
1 1 0 1 1 1 1 1 1 1 1 1 1 1 1 1 1 1 0 1 0 0 1 0 1 1 1 1 1 1 0 1 1 1 1 1 1 1 0 1 1 1 1 0 1 0 0 1 0 1 0 0 0 1 0 1 0 1 1 0 1 1 1 1 1 0 1 1 0 1 1 0 1 1 0 1 0 1 1 1 0 1 1 1 1 1 0 1 1 1 1 0 1 1 1 1 0 1 0 1 
58013
1 1 1 1 1 0 1 1 1 1 1 1 1 1 0 1 1 1 1 1 1 1 1 1 1 1 0 1 1 1 0 0 0 1 0 1 1 1 1 0 1 1 1 0 1 1 0 1 1 0 1 1 1 0 1 0 0 1 1 1 1 1 1 0 1 0 1 1 0 1 1 0 1 1 1 1 1 1 1 0 0 1 0 1 1 0 1 0 0 1 1 0 1 1 1 0 1 0 1 1 
60776
1 1 1 1 1 1 1 1 0 1 1 0 0 1 0 1 1 1 1 1 1 0 1 0 1 1 0 1 1 1 0 1 1 1 1 1 1 1 1 1 0 1 1 1 1 1 0 0 1 0 1 1 1 1 1 1 0 1 1 0 1 1 0 1 0 0 0 1 1 0 1 0 1 1 1 0 0 1 1 1 0 1 1 1 1 1 1 1 1 1 1 1 0 1 1 1 1 0 1 0 
58884
1 1 1 1 0 1 0 1 1 0 1 0 1 1 1 1 1 0 0 1 1 1 1 1 1 0 1 0 1 1 1 1 1 1 1 1 1 1 1 1 1 1 0 1 0 1 1 1 1 0 1 1 0 1 0 0 0 1 0 1 1 1 0 1 1 1 1 1 1 0 0 1 1 1 1 1 0 1 1 0 1 1 0 1 1 0 1 1 1 1 0 1 1 1 0 0 1 1 1 1 
59902
1 1 0 1 1 1 1 1 1 0 1 0 1 1 1 1 1 1 1 1 1 1 1 1 0 1 1 0 1 1 0 1 0 1 1 1 0 1 1 1 1 1 0 1 1 1 0 1 0 0 1 0 0 1 1 1 0 0 1 0 1 1 1 1 0 1 0 1 0 1 0 0 1 1 0 1 1 1 0 1 1 1 1 1 1 1 1 1 1 0 0 1 1 1 1 1 1 1 1 1 
58132
0 1 1 1 1 1 0 0 0 1 1 1 1 1 1 1 1 1 0 1 0 1 1 1 0 1 1 0 1 1 1 1 1 1 1 0 1 1 1 1 1 0 1 0 0 1 0 1 1 0 0 1 1 1 1 0 1 1 1 1 1 1 1 1 1 1 1 0 1 1 1 0 1 1 1 1 1 0 1 1 0 1 1 0 1 0 1 1 1 1 0 0 0 1 1 1 1 0 1 1 
59064
0 1 1 1 0 0 1 0 1 0 1 1 1 1 1 1 1 1 0 1 0 1 1 1 1 1 1 1 1 1 1 1 1 1 0 0 1 1 1 0 1 1 1 0 0 0 0 1 1 1 0 1 0 1 1 1 0 1 0 0 1 1 1 1 0 1 1 1 1 1 1 1 1 1 1 0 0 0 1 1 1 0 1 1 1 0 1 1 0 1 1 1 1 1 1 1 1 1 1 1 
58887
1 1 1 1 0 1 1 1 0 0 1 1 1 1 1 1 1 1 0 1 1 1 1 1 1 1 1 0 1 0 0 1 1 1 0 0 1 1 1 1 1 1 1 1 1 0 1 0 1 1 1 1 1 0 0 0 0 1 1 1 1 1 1 1 1 1 1 1 1 1 0 0 1 0 1 1 1 0 0 0 1 0 1 0 1 1 1 1 1 0 1 1 0 0 0 1 1 1 1 1 
60603
1 1 0 1 1 1 0 1 0 1 1 0 1 1 1 1 0 1 0 1 1 1 0 1 1 1 0 1 1 1 1 1 0 1 0 0 1 1 0 1 1 0 1 1 1 1 1 1 1 0 1 1 1 1 0 1 0 0 0 1 1 1 1 0 1 1 0 0 1 1 0 1 1 1 0 1 1 1 1 1 1 1 1 1 1 0 0 1 1 0 0 1 1 1 1 1 1 1 1 1 
