30
59218
0 0 0 1 1 0 1 0 1 0 0 0 1 0 0 0 0 0 0 0 0 0 0 0 0 1 1 0 1 0 0 1 0 1 0 0 1 0 0 0 1 0 0 0 0 0 0 0 0 0 1 0 1 0 1 0 0 0 0 1 1 0 1 0 0 0 1 0 1 0 1 1 0 0 0 1 1 0 0 0 0 0 0 0 0 1 0 1 0 0 1 0 0 0 1 0 0 0 0 1 0 0 0 0 0 0 0 0 0 0 0 0 0 0 0 1 1 0 1 0 0 0 0 0 1 1 1 1 1 1 1 0 0 1 0 0 0 0 1 0 0 0 1 1 0 0 0 0 0 1 0 0 0 0 0 1 0 0 0 1 0 0 1 0 1 1 0 0 0 0 1 0 1 0 0 0 0 0 1 0 0 1 1 0 0 1 0 1 0 0 1 0 0 1 0 1 0 1 0 0 0 1 0 1 0 0 1 0 0 0 1 0 1 0 1 0 0 0 0 1 0 1 1 0 0 0 0 0 1 0 0 0 0 0 0 1 0 0 0 0 0 0 0 1 0 0 0 1 0 0 
61442
1 0 0 0 0 0 1 1 0 1 0 0 0 1 1 0 1 1 0 0 1 0 1 0 0 0 0 0 0 0 0 0 0 0 1 1 0 1 0 0 0 1 1 0 0 1 0 1 0 1 1 0 0 0 0 0 0 0 0 0 0 0 1 0 1 0 0 0 0 1 1 1 0 0 0 0 0 0 0 0 1 0 1 0 1 0 0 1 1 0 1 0 0 0 0 1 1 1 0 0 1 1 0 1 0 0 0 0 1 0 0 0 0 0 1 0 0 1 0 0 0 0 0 0 0 0 0 0 1 1 0 0 0 0 0 0 0 0 0 0 0 0 1 0 1 0 0 0 1 0 1 0 1 1 1 0 0 0 1 0 1 0 0 1 0 1 0 0 1 0 0 1 0 0 0 0 0 0 0 1 1 0 0 0 1 1 1 1 0 0 0 0 0 1 1 0 0 0 0 0 0 0 0 0 0 0 1 0 0 0 0 0 1 0 0 0 1 0 0 1 0 0 0 0 1 1 0 1 0 0 0 0 0 0 0 0 1 0 0 1 0 0 0 0 0 0 1 0 1 0 
61965
0 0 1 1 1 1 0 0 1 0 1 0 0 0 0 0 0 0 0 0 0 0 0 0 0 0 0 0 1 0 1 0 1 0 0 1 1 0 0 0 1 0 0 1 0 0 0 0 0 1 1 1 1 1 0 0 1 0 1 1 0 1 1 0 0 0 1 1 0 1 1 0 1 1 0 0 1 1 1 0 0 1 0 0 1 1 0 1 0 0 0 0 0 1 0 0 0 0 1 0 0 0 0 0 0 0 1 0 0 1 0 1 0 0 0 0 0 1 1 0 0 0 1 1 0 0 1 0 0 0 0 0 0 0 0 0 0 0 0 1 0 0 0 0 0 0 1 0 0 0 1 0 1 0 0 0 0 0 0 0 0 0 1 0 0 0 0 0 1 0 0 1 0 0 0 0 0 0 0 1 1 1 0 1 0 0 0 1 0 0 0 0 0 0 0 0 0 1 1 0 0 1 0 1 0 1 0 0 0 1 0 0 0 1 0 1 0 0 0 1 0 0 0 0 0 0 1 0 0 0 0 0 1 0 0 0 0 0 0 0 1 1 0 1 0 1 0 1 0 1 
59404
0 1 0 0 0 0 0 0 0 1 1 1 0 1 1 0 0 0 0 0 0 0 0 0 0 0 1 0 0 1 0 0 0 0 1 1 0 0 1 1 0 1 0 0 0 0 0 0 0 0 1 1 0 1 0 0 1 1 0 0 1 0 0 1 0 1 0 0 0 0 0 0 0 0 0 1 1 0 0 0 1 1 0 0 0 0 1 0 0 0 0 0 1 0 0 0 0 0 0 1 1 0 1 1 1 1 0 1 0 0 0 0 0 0 0 1 1 0 0 0 1 0 1 0 0 0 1 0 1 0 0 1 0 1 0 0 1 0 1 0 0 1 1 0 0 1 0 0 0 1 0 0 0 0 0 0 1 1 0 1 1 0 0 0 0 0 1 1 0 0 0 0 1 0 0 0 0 0 0 0 0 0 0 0 0 1 0 0 0 1 0 0 0 0 1 0 0 0 0 1 0 0 0 0 0 0 0 0 0 1 0 0 0 0 0 1 1 0 0 1 0 0 0 0 1 0 0 0 0 0 0 0 1 1 0 1 1 0 0 0 0 0 1 1 0 0 0 0 1 1 
58759
1 0 1 0 0 0 0 0 0 0 0 0 1 0 1 0 1 1 0 0 0 0 1 1 0 1 0 0 1 0 1 0 0 0 0 0 1 0 1 0 1 0 0 0 0 1 1 0 1 1 0 0 1 0 0 1 1 0 0 1 0 1 1 0 0 0 0 0 0 1 1 1 0 0 0 1 0 0 0 1 1 0 0 0 0 1 0 1 0 0 1 0 0 0 0 1 1 0 0 0 1 0 0 0 1 1 1 0 0 0 0 0 0 0 1 1 0 0 0 1 0 1 1 0 0 0 1 0 1 0 0 0 1 0 1 0 0 0 1 0 1 0 0 1 1 1 1 0 1 0 0 0 0 0 0 0 0 0 0 0 0 1 0 1 0 0 0 0 0 0 0 0 0 0 1 0 0 0 0 0 1 0 0 0 0 0 0 0 0 1 0 0 0 0 0 0 0 0 0 0 0 0 1 0 0 1 1 0 0 0 0 0 0 1 0 0 1 0 0 0 1 1 0 0 1 0 0 0 0 0 0 0 1 0 0 0 0 0 0 0 0 0 1 0 1 0 1 0 1 0 
59909
0 0 0 0 0 1 1 1 0 0 0 1 0 0 0 0 0 0 0 0 1 0 0 1 0 0 0 0 1 0 0 1 0 1 1 0 0 0 1 0 0 0 1 0 0 0 0 0 1 0 0 0 0 0 1 1 0 0 0 1 1 1 0 1 0 1 0 1 0 0 0 0 0 0 1 1 0 1 1 1 0 0 1 0 0 1 0 0 0 1 1 0 1 1 0 0 1 0 0 0 0 0 0 0 0 1 0 0 0 1 0 1 0 0 1 0 0 1 0 0 0 1 1 0 0 0 0 0 0 0 0 0 0 0 0 0 0 0 0 0 0 0 0 0 0 0 0 1 1 0 0 1 1 1 0 1 1 1 0 1 0 1 0 0 0 0 1 0 0 0 0 0 1 1 0 1 0 0 1 0 0 0 0 1 0 1 0 0 0 0 0 0 0 0 0 1 0 1 0 0 0 1 0 0 0 0 1 0 0 0 0 0 0 0 1 1 0 1 0 1 0 1 0 0 0 0 0 0 0 0 0 0 0 0 1 1 0 0 0 0 1 0 1 0 1 1 0 0 1 1 
60178
0 1 1 0 0 0 0 0 0 1 0 1 0 1 0 1 0 0 0 0 0 1 0 1 1 1 0 0 0 0 0 0 1 0 0 1 1 0 0 0 1 0 0 1 0 0 0 0 1 0 1 0 0 0 0 1 1 0 0 1 1 0 0 0 0 0 1 0 1 1 1 1 0 1 0 0 0 1 0 0 1 1 0 0 0 1 1 1 0 0 1 0 1 0 1 1 0 0 0 0 1 0 1 0 0 0 0 0 0 0 1 0 1 1 1 0 0 1 0 1 0 0 0 0 0 0 0 0 0 0 1 0 0 0 0 0 0 0 0 0 0 1 1 0 0 0 0 0 0 0 1 0 1 0 0 0 0 0 0 1 0 1 0 1 0 0 1 0 0 1 0 0 0 0 0 0 1 0 0 1 1 0 0 0 0 0 1 0 0 1 0 1 0 1 1 0 0 1 0 0 0 0 0 0 0 1 0 0 0 0 0 0 0 0 1 0 0 0 0 1 0 1 0 1 1 0 0 1 0 1 0 0 0 0 0 0 0 0 1 0 1 0 0 0 0 0 0 0 0 1 
61428
0 0 0 0 0 0 0 0 0 1 0 0 0 1 1 1 0 1 0 0 0 0 0 0 0 1 1 0 0 0 0 0 1 1 1 1 0 1 0 0 1 1 0 1 0 1 0 1 0 0 0 1 0 1 0 0 0 1 0 0 0 0 1 0 0 0 0 0 1 0 0 0 1 0 0 0 1 0 0 0 0 0 0 0 1 0 0 0 0 0 1 1 1 1 1 0 0 1 1 0 0 1 0 0 0 0 0 1 0 0 0 0 1 0 1 0 1 0 0 0 0 1 1 0 0 0 0 0 0 0 0 0 1 0 0 0 0 1 0 0 0 0 0 0 0 0 0 0 0 1 0 1 0 1 1 1 0 0 0 0 0 0 0 0 0 0 0 1 0 0 0 0 0 0 0 0 1 0 1 1 1 0 0 0 1 0 0 0 0 1 0 0 1 1 0 1 1 0 1 0 0 0 0 1 1 1 0 0 0 0 0 0 1 1 0 0 0 0 1 0 0 0 0 1 1 0 0 0 0 0 0 1 1 0 0 0 1 0 0 1 0 0 0 0 0 1 0 0 1 0 
61847
0 1 1 0 0 0 1 1 0 0 0 0 0 0 1 0 0 0 1 1 0 0 0 0 0 1 1 0 0 0 0 1 0 0 1 0 1 1 0 0 0 0 0 0 0 0 0 0 0 0 1 0 0 1 0 0 0 0 0 0 0 0 1 0 0 0 1 0 1 1 1 1 1 1 0 1 0 0 1 0 0 0 0 1 1 1 0 1 0 1 1 0 0 1 0 1 1 0 0 0 0 0 0 1 0 0 0 0 1 1 1 0 0 1 0 0 1 0 0 1 1 1 0 0 0 1 0 1 0 1 0 1 0 0 0 0 0 0 1 0 0 1 0 0 0 1 0 0 0 1 0 0 0 0 0 0 0 1 0 1 1 0 0 0 0 1 0 0 0 1 0 0 0 1 1 1 1 0 0 0 0 1 0 0 1 0 0 0 0 0 1 0 0 0 0 0 0 0 0 0 0 0 0 1 0 1 0 0 0 0 1 0 0 0 0 0 0 0 0 0 1 1 1 0 0 0 1 1 0 0 0 0 0 0 1 1 0 0 1 0 0 0 0 1 0 1 0 0 0 0 
58808
0 1 0 0 1 0 0 0 0 0 0 0 0 1 0 1 0 0 1 1 0 0 0 1 0 1 1 0 1 1 0 0 0 0 1 0 0 0 0 1 0 0 0 1 0 0 0 0 0 0 0 0 1 1 0 0 0 0 1 1 0 0 0 0 0 1 0 0 0 0 0 1 0 0 0 0 0 0 0 1 0 0 0 1 0 0 0 0 0 1 1 0 0 0 0 0 0 0 0 0 1 1 0 0 1 1 0 0 0 0 0 0 0 0 0 1 1 0 0 0 1 1 0 0 1 0 0 1 1 1 0 0 0 1 1 0 0 1 0 0 0 1 0 0 0 0 0 0 0 0 1 0 0 1 0 1 0 0 0 1 1 0 0 0 1 1 0 0 1 0 0 0 0 0 0 0 1 1 0 1 0 0 0 0 1 0 0 0 0 1 0 0 0 0 0 0 0 0 0 1 0 0 0 0 1 1 1 1 0 1 1 1 1 1 0 1 0 0 0 1 1 0 0 1 0 0 0 0 0 1 0 0 0 0 1 1 0 0 0 1 0 0 0 0 1 0 0 1 1 0 
108959
0 1 0 0 1 1 0 1 0 1 0 0 1 0 1 1 0 1 0 1 1 1 0 1 0 0 1 1 0 1 1 1 0 0 1 0 1 0 1 1 1 0 0 1 0 1 1 1 1 0 1 0 0 1 0 1 0 0 1 0 0 0 0 1 1 0 0 1 1 0 1 0 1 1 1 0 0 1 0 1 1 1 1 1 1 0 1 0 0 0 1 0 1 0 0 0 0 1 1 0 1 1 1 0 1 0 0 1 1 0 1 0 0 0 0 1 0 1 0 1 0 1 0 0 0 1 0 1 0 1 0 0 1 1 1 0 0 0 1 1 1 0 1 0 0 1 1 1 1 1 0 0 0 1 0 0 1 0 0 0 1 1 0 0 0 1 1 1 0 1 1 1 1 1 1 0 1 1 1 1 1 1 1 1 0 1 1 1 0 1 0 0 1 0 0 1 0 0 1 1 1 0 0 1 1 0 1 0 0 0 1 1 0 0 1 0 0 1 1 0 0 0 1 0 0 1 0 1 0 1 1 0 1 0 0 1 1 1 0 0 1 0 1 1 0 1 1 1 1 1 
109816
1 1 0 0 1 1 0 1 1 0 1 0 1 0 0 0 1 0 1 1 0 1 0 0 1 1 0 0 1 0 1 0 1 0 1 1 0 0 1 0 1 0 1 0 1 1 0 0 1 1 1 0 1 0 1 1 0 1 1 0 1 0 1 0 0 1 1 0 0 0 1 1 1 0 0 1 1 1 0 1 1 0 0 1 1 1 0 1 0 0 0 1 1 1 0 0 0 1 1 1 1 1 1 0 1 1 1 0 0 1 0 1 1 1 0 0 0 1 1 1 1 0 0 1 1 0 0 0 1 0 0 1 1 1 0 0 0 1 1 0 1 1 1 1 1 0 0 0 0 1 1 1 1 1 0 1 1 0 1 0 0 0 0 1 1 1 0 0 1 0 1 0 1 1 0 1 1 0 1 0 0 0 1 1 0 0 1 1 0 0 0 1 1 0 0 0 0 1 0 1 1 1 0 1 1 0 1 1 1 0 0 1 0 0 1 0 0 0 1 1 0 0 1 0 0 1 1 1 1 0 1 1 0 1 0 1 1 0 1 0 1 1 1 0 0 0 0 1 0 1 
108326
0 0 1 1 1 0 0 0 1 0 0 1 1 0 0 0 0 1 1 1 0 1 1 0 1 1 0 0 1 0 1 0 0 0 1 0 0 0 0 0 1 0 0 0 0 0 1 1 0 0 1 0 0 0 0 1 1 1 1 1 0 0 1 1 0 1 0 0 0 0 0 1 0 0 0 0 1 0 1 1 1 1 1 1 0 1 0 1 0 1 0 1 1 1 0 0 0 1 0 0 1 0 0 1 1 0 1 0 0 1 1 1 0 1 0 1 0 1 0 1 1 1 0 1 1 1 1 1 0 1 1 1 1 0 1 0 0 1 0 0 0 1 0 1 0 1 0 0 0 0 1 1 1 1 1 0 1 1 1 1 1 1 1 0 0 1 1 0 1 1 0 1 1 0 0 1 1 1 1 0 0 0 0 1 0 1 1 0 0 1 1 0 0 0 1 1 0 1 1 1 1 1 1 0 0 0 1 1 1 1 1 0 0 0 0 1 0 1 0 1 0 0 1 0 1 0 1 0 0 1 0 1 1 0 1 1 1 0 0 1 1 0 0 0 0 1 0 1 1 1 
109297
0 1 0 1 1 1 0 1 1 1 1 1 1 1 0 1 0 0 1 1 0 1 0 0 1 1 1 1 0 0 0 0 0 1 1 1 1 0 0 1 1 1 1 0 0 1 1 1 1 0 1 0 1 0 1 1 1 1 0 1 1 0 0 0 0 1 0 0 1 1 0 1 0 1 0 1 1 1 0 0 0 0 1 1 0 0 0 1 0 0 1 0 1 0 1 0 0 1 0 0 1 1 1 0 0 1 0 0 0 1 0 1 1 0 1 1 0 0 1 1 1 1 0 1 1 1 0 1 0 0 0 1 0 0 1 1 0 0 1 0 1 1 1 1 1 0 1 0 1 0 0 1 1 0 0 0 1 0 1 0 1 0 1 1 0 0 1 1 0 1 1 0 1 0 1 1 1 0 1 0 0 1 0 0 1 1 1 0 0 0 0 0 1 1 0 0 0 1 1 0 0 0 0 1 1 1 0 0 1 1 0 0 0 1 0 1 1 1 0 1 1 1 1 0 1 0 1 1 0 0 1 1 1 0 0 0 1 0 1 1 0 1 0 1 1 0 0 1 0 1 
110565
0 1 1 0 0 1 1 0 0 1 1 0 0 1 1 0 1 1 1 0 1 0 0 0 1 0 1 0 0 0 1 1 1 1 1 0 0 1 1 0 1 0 0 1 0 0 1 0 1 0 0 1 1 0 0 0 1 1 0 1 0 0 1 0 0 1 0 1 1 1 1 1 1 0 1 1 0 0 1 0 1 1 0 1 0 0 1 0 1 0 1 0 0 1 1 1 1 0 1 1 0 1 1 0 0 1 1 1 1 0 0 0 1 1 1 0 0 0 1 1 1 1 0 0 1 0 0 1 1 0 1 1 1 0 1 1 0 1 0 0 0 1 0 1 0 1 0 0 1 0 0 1 0 0 0 1 0 1 1 1 1 1 0 1 1 1 1 0 1 1 1 1 1 1 1 0 0 0 0 1 0 1 1 1 0 1 0 1 0 1 0 0 0 0 0 1 0 0 0 1 1 1 0 0 1 0 0 1 1 1 0 1 0 1 0 0 1 0 0 1 1 0 1 0 1 1 1 0 0 1 1 0 0 0 1 1 1 0 1 1 0 0 1 0 1 1 0 0 0 0 
110160
0 1 1 0 0 0 0 0 0 1 0 1 0 0 0 1 0 0 1 0 0 0 1 0 1 1 1 1 0 1 0 0 1 0 1 0 1 1 1 1 0 1 1 0 0 0 1 0 0 1 0 0 1 0 0 1 0 1 1 0 1 0 0 0 0 1 1 1 1 1 1 0 1 1 0 1 1 1 1 0 1 0 0 0 1 1 0 1 1 1 0 1 1 1 1 1 1 1 1 1 1 1 0 1 1 0 1 0 0 0 1 1 1 0 1 1 1 0 0 0 1 1 0 0 0 0 1 1 0 1 0 1 0 1 0 1 0 0 0 0 1 0 0 1 0 0 0 0 0 0 0 1 1 0 1 0 1 0 1 0 1 1 0 1 0 0 0 1 0 1 0 0 1 1 1 1 1 1 0 1 0 0 0 1 0 1 0 1 1 1 1 0 0 0 1 0 0 1 1 1 1 0 1 1 1 1 1 0 1 1 1 0 0 1 1 0 0 0 0 1 1 1 1 0 1 1 0 1 0 0 1 0 0 0 1 1 0 0 1 1 1 1 0 0 1 1 1 0 1 0 
108924
1 0 1 1 0 1 0 1 1 1 0 0 0 1 0 1 0 0 0 0 0 1 1 0 0 1 0 1 0 0 1 0 0 1 1 0 0 0 1 1 0 0 1 0 1 0 1 0 1 1 1 1 0 1 0 1 0 0 0 0 0 1 0 1 0 0 1 0 1 0 0 0 1 1 0 1 1 0 1 1 1 1 0 1 0 1 1 0 1 0 1 1 0 1 1 1 1 1 0 1 0 1 0 1 0 1 1 1 1 1 0 0 1 1 1 1 0 1 0 0 1 1 1 1 1 1 0 1 1 0 0 1 0 0 0 1 1 0 1 0 1 1 1 1 1 1 0 1 0 0 1 0 1 0 0 1 1 1 1 1 1 0 0 1 1 0 1 1 1 1 1 1 1 1 0 0 0 1 1 0 0 0 1 0 1 1 0 1 0 0 0 1 1 1 1 0 0 1 0 0 0 0 0 0 0 1 1 1 0 1 1 1 0 0 0 0 0 0 0 1 1 1 1 0 0 0 0 1 0 0 0 1 0 1 1 1 0 0 0 0 0 0 1 1 1 1 1 1 1 0 
108867
0 0 0 0 1 0 1 0 1 0 1 0 1 1 1 1 0 1 0 1 0 0 0 0 1 1 0 1 0 1 1 1 1 1 1 0 0 1 1 1 1 0 1 1 1 0 0 1 0 1 1 0 0 0 1 1 1 1 0 0 1 1 1 0 0 1 0 1 0 1 1 0 0 0 1 1 1 0 0 0 0 0 0 0 1 1 0 1 1 0 0 0 1 0 1 0 0 0 1 1 0 1 0 0 1 1 0 0 0 1 0 1 0 1 1 0 1 0 1 0 0 0 0 1 0 0 1 1 1 1 1 0 1 1 1 1 0 0 0 0 0 1 0 1 0 0 0 1 0 1 0 1 0 1 1 0 0 1 1 1 0 1 1 0 1 1 0 0 1 1 1 1 1 1 0 0 0 1 1 0 0 1 1 1 1 1 0 0 0 1 1 1 1 1 1 0 1 1 0 0 1 1 0 1 0 0 0 1 0 1 0 0 1 0 0 0 1 1 0 1 0 1 1 1 1 0 0 1 0 1 0 1 0 1 1 0 0 1 1 1 1 0 1 1 1 1 1 0 0 1 
109812
0 1 0 0 0 0 1 0 1 1 1 1 1 1 0 0 0 0 0 1 1 1 1 1 0 1 0 1 1 0 0 0 1 0 0 0 1 0 1 1 0 1 0 1 0 1 0 1 0 1 1 0 0 0 0 0 0 1 1 0 1 1 1 1 1 0 1 0 0 1 0 1 1 0 0 1 1 0 1 1 0 1 0 1 0 1 0 1 0 0 0 1 1 0 1 1 1 0 1 1 1 0 1 0 1 0 0 0 1 0 1 0 1 0 1 0 1 1 0 1 1 0 0 1 1 0 0 1 1 1 1 0 1 1 0 0 1 1 0 0 0 1 1 0 1 1 1 0 1 1 0 1 1 0 0 1 1 1 1 0 1 1 0 0 0 0 0 0 0 0 0 1 1 1 1 1 0 0 1 1 1 0 0 1 1 1 0 1 0 1 1 1 1 1 1 0 0 0 1 0 1 0 0 1 0 0 0 1 0 1 1 1 0 0 1 0 0 0 1 0 0 1 0 1 0 0 0 1 1 0 1 0 0 1 1 0 0 0 0 0 1 0 1 0 1 1 1 0 1 1 
106955
0 1 1 0 1 0 0 0 1 0 0 0 0 0 1 0 0 0 0 1 0 0 1 1 0 1 0 1 0 0 1 0 0 1 0 0 0 0 1 0 0 1 1 1 0 1 0 0 0 1 1 1 1 0 1 0 1 0 0 1 0 0 0 1 1 0 1 1 1 1 1 1 1 1 0 0 0 0 1 0 0 1 0 0 0 1 1 1 1 0 0 0 0 0 1 0 0 0 0 0 1 0 0 1 1 0 0 1 1 0 0 0 1 1 1 0 1 0 0 1 0 1 0 1 0 1 1 1 1 1 1 0 1 1 1 1 1 1 0 0 1 0 0 1 1 0 0 0 1 0 1 0 1 0 1 0 1 0 1 1 1 1 1 1 0 0 0 1 1 1 0 1 1 1 0 1 1 1 1 1 0 1 0 1 0 1 0 1 1 1 0 0 1 1 0 1 0 0 1 1 0 0 0 0 1 0 0 0 1 0 0 0 0 1 0 1 0 0 1 1 1 1 1 1 1 1 1 1 1 1 1 1 1 1 1 0 0 1 1 1 0 1 0 0 0 1 0 0 1 1 
149584
0 0 1 1 1 1 0 0 0 1 0 1 1 1 1 1 1 1 1 0 1 1 1 0 1 1 0 0 1 1 0 1 1 1 0 1 1 0 1 0 1 0 1 1 1 1 1 0 0 1 1 1 1 1 1 1 1 0 1 1 1 1 1 1 1 0 1 1 1 1 0 1 1 0 0 1 1 1 1 1 1 1 1 1 1 1 0 1 1 1 1 0 0 1 1 1 0 1 1 1 1 0 0 1 0 1 0 1 1 1 0 1 1 0 1 1 1 1 1 1 0 1 1 1 1 1 1 1 1 1 1 1 1 1 1 1 1 1 0 0 1 1 0 1 1 1 1 1 1 1 1 1 1 1 0 1 1 0 1 1 1 0 1 1 0 0 0 1 0 1 1 1 0 1 1 0 1 1 1 1 1 1 1 0 1 1 1 0 0 1 1 1 0 0 1 1 1 1 1 1 1 1 1 1 0 1 1 1 1 0 0 0 1 1 1 1 1 1 1 1 1 0 1 1 1 1 0 1 1 1 1 1 1 0 1 1 1 0 1 1 1 1 1 1 1 1 1 1 0 1 
155927
1 1 1 1 1 1 1 0 1 0 1 0 1 0 1 1 1 1 0 1 1 1 1 1 1 1 0 1 1 0 1 1 1 0 0 1 1 1 0 1 1 1 1 1 0 1 0 1 1 1 1 1 1 0 1 1 0 1 1 1 1 1 1 0 1 0 1 1 1 0 1 1 1 1 0 1 1 1 0 1 0 1 1 1 1 1 1 1 0 1 1 1 1 1 1 1 1 0 1 0 0 0 1 1 1 1 1 0 1 1 1 1 0 1 1 1 0 1 1 0 1 1 1 1 1 1 1 1 1 1 0 1 1 0 0 1 1 0 1 1 1 1 1 1 0 1 1 0 0 1 1 1 1 1 1 1 1 1 0 1 1 0 1 1 1 1 0 1 1 1 1 1 1 1 0 1 1 1 0 1 0 1 1 1 1 0 1 1 1 1 1 1 1 0 1 1 1 0 1 1 1 1 1 1 1 0 1 1 1 1 1 0 1 0 1 1 1 1 1 1 1 1 1 0 1 1 0 0 0 1 1 0 1 1 1 0 1 0 1 1 1 0 1 0 1 1 1 1 0 0 
149281
1 0 1 1 1 1 1 1 1 0 0 1 1 1 0 1 1 1 1 1 1 1 1 0 0 1 1 1 1 1 0 1 0 1 0 1 1 0 1 1 1 1 1 1 0 1 0 1 1 1 1 1 1 1 1 1 1 1 1 1 0 1 1 1 1 1 1 1 1 0 1 0 1 1 0 1 1 1 1 0 1 0 1 1 1 0 1 1 1 1 1 1 1 1 1 1 0 1 0 1 1 0 1 1 0 1 1 0 1 0 1 1 1 1 1 1 1 1 0 1 0 0 1 1 0 1 1 1 1 1 1 1 0 1 1 1 1 1 1 1 1 1 1 1 1 1 1 1 1 1 1 1 0 1 1 1 1 1 1 1 0 0 1 1 1 0 1 1 0 1 1 1 1 1 1 0 1 1 1 1 0 0 1 1 1 1 1 1 0 1 1 1 1 0 0 1 1 0 1 1 1 0 1 1 0 0 1 1 1 1 1 0 0 1 0 1 1 1 1 1 1 1 1 1 1 1 0 1 1 0 0 1 1 1 1 1 0 1 1 1 0 1 1 1 0 0 0 1 0 0 
152080
1 0 0 1 1 1 1 0 0 1 1 1 0 1 1 1 1 1 1 1 1 1 1 1 0 0 1 0 1 1 0 1 0 1 1 1 1 1 0 1 1 1 1 1 0 1 1 1 0 1 1 1 1 0 0 1 1 1 0 1 1 1 0 1 1 0 1 0 0 1 1 1 0 1 1 1 0 1 1 1 1 1 1 1 0 1 0 1 1 1 1 1 1 1 1 1 1 1 1 1 1 1 1 1 0 1 1 0 1 1 1 1 1 1 1 1 1 1 1 1 1 0 1 0 1 0 0 1 1 0 0 1 1 1 1 1 0 1 1 0 1 1 0 1 0 1 1 1 1 1 1 1 1 0 1 0 1 1 1 1 1 1 0 1 1 1 1 1 1 1 0 1 1 1 1 0 0 1 1 1 1 1 0 1 1 1 1 0 1 0 1 1 1 0 1 1 1 1 0 1 1 1 1 1 0 1 1 0 0 1 1 0 0 1 1 0 1 1 1 1 1 1 1 1 1 0 1 1 0 0 1 1 1 1 1 0 1 1 1 1 1 1 1 1 1 1 1 1 1 0 
150301
1 1 0 1 0 1 1 1 0 1 0 1 0 1 1 0 1 0 1 1 1 1 1 0 1 1 1 1 1 1 0 1 0 1 1 1 1 1 1 0 0 1 1 1 0 0 1 1 1 1 1 1 1 1 1 1 1 1 0 0 0 1 0 1 0 0 0 1 1 1 1 1 1 1 1 1 1 0 1 1 1 1 0 1 0 1 1 1 1 0 1 0 1 1 1 0 1 1 0 0 1 0 1 0 1 1 1 1 1 1 1 1 1 0 1 1 0 1 1 1 1 1 1 1 1 1 1 1 1 1 1 1 1 1 0 1 1 1 0 1 0 1 0 0 1 1 1 1 1 0 0 1 1 1 1 1 1 0 1 1 1 1 0 1 1 1 1 1 1 1 1 1 1 1 1 1 1 1 1 0 1 0 0 1 0 1 1 1 0 0 1 1 0 1 1 1 1 1 0 1 0 1 1 0 1 1 1 1 1 1 0 1 1 1 1 0 0 1 1 1 1 1 1 1 1 1 1 0 1 1 1 1 1 1 1 1 1 1 0 1 1 1 0 1 1 1 1 1 0 1 
149943
1 1 0 1 1 1 1 1 1 1 0 1 1 1 1 1 1 1 1 1 1 1 1 0 0 1 1 1 1 1 1 1 1 0 1 0 1 1 1 1 1 0 1 1 0 0 1 1 1 0 1 0 1 1 1 0 1 1 1 0 0 1 0 1 1 1 1 0 0 1 1 1 1 1 1 1 1 0 1 0 0 1 1 1 1 1 1 1 0 1 1 1 1 1 1 1 1 1 1 1 1 0 1 1 1 1 0 1 0 1 0 1 1 1 0 1 1 0 1 1 0 1 1 1 0 1 1 0 1 1 0 1 1 1 1 1 1 1 1 0 1 1 1 1 1 0 0 0 1 1 1 1 1 1 0 0 1 1 1 1 0 1 1 1 1 1 1 1 0 1 1 1 1 1 1 1 1 1 1 1 0 0 0 0 1 1 0 0 1 1 1 1 0 1 1 0 1 1 0 1 1 0 1 0 1 1 1 0 1 1 0 1 1 1 1 1 1 1 0 1 1 0 1 1 1 1 0 1 1 1 0 0 1 1 1 1 1 0 1 1 0 1 0 1 0 1 1 1 1 1 
148533
1 1 1 1 1 1 1 0 1 1 1 0 0 1 1 1 1 0 0 1 1 1 0 1 1 1 1 1 1 1 1 1 1 1 1 1 0 1 0 0 1 0 0 0 1 1 0 0 1 1 1 0 1 1 1 1 1 1 1 1 1 1 1 1 1 1 0 1 1 0 1 1 1 1 0 1 1 1 1 0 1 1 0 1 1 1 1 1 1 1 1 1 1 0 1 1 0 1 0 1 1 0 1 1 1 0 1 1 0 1 1 1 0 1 0 1 1 1 1 0 1 1 1 1 1 1 1 1 1 0 1 0 0 1 1 1 1 0 1 0 0 1 0 1 1 0 1 1 1 1 1 1 0 1 0 1 1 1 1 0 1 1 1 1 1 1 1 1 1 1 1 1 0 1 1 1 1 1 1 1 1 1 1 1 1 1 1 1 1 0 0 1 1 1 0 1 1 0 0 1 1 0 1 1 1 1 1 1 1 0 1 1 1 1 0 1 1 1 1 0 1 1 0 1 1 1 1 1 1 1 1 1 0 0 0 1 0 1 0 1 1 0 1 0 1 1 0 1 1 1 
149768
1 1 0 1 1 1 1 0 1 0 1 0 1 1 0 1 1 1 1 1 1 1 1 1 1 0 1 1 1 0 1 1 0 1 1 1 1 1 1 0 1 1 1 1 1 0 1 1 1 1 1 1 1 1 1 1 1 1 1 1 1 1 1 0 1 1 1 0 1 1 1 1 1 0 1 1 0 1 0 0 1 0 1 0 1 1 1 0 1 0 0 0 1 1 1 0 1 1 0 1 1 1 1 0 1 0 1 1 1 1 1 1 1 1 1 1 1 0 1 0 0 1 1 1 0 0 0 1 1 1 1 0 1 1 1 1 1 1 1 1 0 1 1 1 1 1 1 1 1 1 0 1 0 1 1 0 1 1 1 1 1 1 1 0 1 1 1 0 1 0 1 1 1 1 1 1 1 1 1 1 0 1 1 1 1 0 1 0 1 0 1 0 0 1 1 1 0 0 1 1 1 0 1 1 1 1 1 0 0 1 1 1 1 1 1 0 1 1 0 1 1 1 0 1 1 1 1 1 1 1 1 1 1 0 1 1 1 0 1 1 1 1 1 0 1 1 1 1 0 1 
155016
0 1 1 0 0 1 1 0 0 0 1 1 1 1 1 1 0 1 1 1 0 1 1 1 0 0 1 1 1 1 1 1 1 1 1 0 1 1 1 1 1 1 0 0 1 0 1 0 1 1 1 1 1 1 0 1 1 1 1 0 1 1 0 1 1 1 0 1 1 1 1 0 1 1 1 1 1 1 1 1 0 1 1 0 1 1 1 1 1 1 1 1 1 1 1 1 0 1 0 1 1 1 1 1 1 1 1 0 1 1 1 0 1 1 1 0 1 0 1 0 1 1 0 0 1 1 1 1 1 1 1 0 0 1 1 0 1 1 1 1 1 0 0 1 1 1 0 1 1 1 0 0 1 0 1 1 1 1 1 1 1 1 1 1 1 1 1 0 0 1 0 0 1 1 1 1 1 0 1 1 0 1 1 1 1 1 1 1 0 1 1 1 1 1 0 1 0 1 1 1 1 1 0 1 1 1 0 1 1 1 1 0 1 1 1 1 1 1 1 1 0 1 1 1 1 1 0 0 1 1 0 0 1 1 1 1 1 0 1 1 1 1 1 0 0 1 1 1 1 1 
154637
1 1 0 1 0 1 1 1 1 1 1 1 1 1 1 0 1 1 1 0 1 0 1 0 1 0 1 1 0 1 1 1 1 1 1 1 1 1 0 0 0 1 1 0 1 1 1 1 1 1 1 1 1 0 0 1 1 1 1 1 0 1 1 1 0 0 1 0 1 1 1 0 1 0 1 0 1 1 1 1 1 0 1 1 1 0 1 1 1 1 1 1 1 1 1 0 1 1 1 0 1 1 0 1 1 1 0 1 1 1 0 0 1 1 1 1 1 1 1 1 1 1 1 0 1 1 1 1 1 1 1 1 1 0 1 1 1 1 1 1 0 1 0 1 1 1 1 1 0 1 1 1 1 0 0 1 1 1 0 1 1 1 1 1 1 1 1 1 0 0 1 1 1 0 1 1 1 1 1 0 1 1 1 1 1 1 1 1 1 1 1 1 1 1 1 1 0 1 1 0 1 1 1 1 0 0 1 0 1 0 1 0 0 1 1 0 0 1 1 1 1 1 1 1 1 1 0 1 0 1 1 1 1 0 1 0 0 0 1 1 1 1 1 0 0 1 1 1 1 1 
