30
56307
0 0 0 0 0 0 1 0 0 0 0 0 0 1 1 0 0 0 0 0 0 0 1 1 0 0 0 1 0 0 0 0 1 0 0 0 1 0 0 0 0 0 0 0 0 0 0 0 1 0 0 0 0 0 1 0 0 0 1 0 1 0 0 0 1 0 0 0 0 0 0 0 0 1 0 0 0 0 0 0 0 0 0 0 0 0 0 0 0 0 0 1 0 1 0 0 0 0 1 0 1 1 1 1 0 0 1 0 0 0 1 0 0 0 0 0 0 0 0 1 0 0 0 0 0 1 0 0 0 1 0 1 0 0 0 1 0 1 0 1 0 1 1 0 0 1 0 1 0 0 0 0 0 0 0 1 0 0 1 0 0 0 0 0 0 1 0 1 0 1 0 0 1 0 0 1 0 0 0 0 0 1 1 0 0 0 1 0 0 0 0 0 0 0 0 0 1 1 0 1 0 0 1 0 1 1 0 1 0 0 1 0 0 0 0 0 0 0 0 0 0 0 0 0 0 1 1 0 0 0 0 0 0 1 0 0 1 1 0 0 1 1 0 0 0 0 0 1 0 1 
57929
0 1 0 0 0 0 0 0 1 1 1 0 0 0 0 0 0 0 1 0 0 0 0 1 0 1 0 0 0 0 0 1 0 0 0 0 0 0 0 0 0 0 1 1 1 1 0 0 0 0 0 0 0 0 1 1 0 0 0 1 0 1 1 0 0 1 0 1 0 1 0 0 0 1 0 0 0 1 0 0 1 1 0 0 0 1 0 0 0 1 1 0 0 0 0 0 1 0 0 0 0 0 0 0 0 0 0 0 1 0 0 0 1 1 0 0 1 0 0 0 0 0 0 1 1 0 0 0 0 0 0 0 0 1 0 1 0 0 0 0 1 0 0 0 0 0 0 1 1 0 0 0 0 0 0 0 1 1 0 0 1 0 1 0 0 0 0 0 0 0 1 0 0 0 0 0 1 0 0 0 0 0 1 0 1 0 1 0 0 0 1 0 0 0 0 0 1 0 1 1 0 0 0 0 1 0 0 0 1 0 0 1 0 0 0 1 0 0 0 0 1 1 0 0 1 0 0 0 0 0 1 1 0 0 1 1 0 0 0 0 0 0 0 0 0 0 0 0 0 0 
56272
0 1 0 0 0 0 0 1 0 1 0 0 0 0 0 0 0 0 0 0 0 0 0 1 0 0 0 1 0 0 0 0 0 0 0 0 0 1 1 1 0 1 1 0 1 0 1 0 0 1 0 0 1 0 0 0 1 0 0 0 0 0 1 0 0 0 0 1 0 1 0 0 0 0 0 0 1 0 0 0 1 0 0 0 0 1 0 1 1 1 0 1 0 0 0 1 0 1 0 0 0 0 0 0 0 0 1 0 1 0 0 0 0 1 0 0 0 0 0 0 1 0 0 0 1 0 0 1 0 0 0 1 0 1 0 0 0 1 0 1 0 0 1 0 0 1 1 0 1 0 0 0 0 0 0 0 0 1 1 0 0 0 0 0 0 1 0 0 0 0 1 0 1 0 0 0 0 0 0 0 1 1 0 0 0 1 0 0 0 1 0 0 0 0 0 1 0 0 0 0 0 1 0 0 0 1 1 0 0 0 1 0 1 0 0 0 0 0 0 0 0 0 0 0 0 1 0 0 0 0 0 0 0 0 0 1 1 0 0 1 0 0 0 0 0 0 0 1 0 1 
56367
1 1 1 0 0 0 0 1 1 0 0 0 0 0 1 1 0 0 0 0 0 0 0 0 0 1 0 0 0 0 1 0 0 1 0 1 1 0 0 0 0 1 0 0 0 0 0 1 1 1 1 0 0 0 0 1 1 0 1 0 0 0 1 0 1 0 0 0 0 0 0 1 0 0 0 0 0 0 0 1 0 0 0 0 0 0 0 0 0 1 0 0 0 0 0 1 0 1 0 1 0 0 0 0 0 1 0 1 0 0 0 0 0 0 0 0 0 0 0 0 0 0 1 1 0 0 0 0 1 1 0 0 0 0 0 0 1 0 0 1 0 0 0 0 1 0 0 0 1 0 0 0 0 0 0 0 1 1 1 0 0 0 0 1 0 0 0 0 0 0 0 0 0 0 0 0 0 0 0 0 0 0 0 0 0 0 1 0 0 0 0 0 1 0 0 1 0 0 0 1 0 0 0 0 1 0 0 0 0 0 1 0 0 1 0 0 0 1 0 1 1 0 0 0 0 0 0 1 0 0 1 0 1 0 0 0 0 0 1 1 0 0 0 0 0 1 0 1 1 1 
56189
1 1 0 0 0 1 1 0 1 0 0 0 0 0 0 0 0 0 1 0 0 0 0 0 0 0 0 1 0 0 0 0 0 0 0 0 0 0 0 0 0 0 1 0 0 0 1 0 1 1 0 0 0 0 0 0 0 0 0 0 0 1 0 0 0 0 0 0 0 0 0 1 0 0 0 1 1 0 0 0 1 0 0 0 1 0 1 1 1 0 1 0 0 0 0 0 0 1 1 1 0 0 0 1 0 1 0 1 0 1 1 0 0 1 0 0 0 0 1 0 0 0 1 1 0 0 0 0 0 0 0 0 0 1 0 0 1 0 0 0 0 0 0 1 0 0 1 1 0 1 0 0 1 1 0 1 0 0 0 0 0 0 0 0 0 1 1 0 0 0 1 1 0 0 0 0 0 0 0 0 0 0 1 0 0 0 1 0 1 0 1 1 0 0 0 0 0 0 0 0 0 1 0 0 0 0 0 0 0 0 1 0 0 0 0 0 0 1 0 0 0 1 0 0 0 0 0 1 1 0 1 1 0 1 0 0 0 0 0 0 0 0 0 0 1 0 0 0 0 1 
56753
0 1 0 0 0 0 0 0 0 0 1 1 0 0 0 0 0 0 0 1 0 0 1 0 0 1 0 0 0 0 1 0 0 0 0 0 0 0 0 0 0 0 1 0 0 0 1 1 0 0 1 0 0 0 0 0 0 1 0 0 1 0 0 1 0 0 0 0 0 0 1 0 0 0 0 0 1 0 0 0 0 0 0 0 0 1 0 1 0 1 1 0 0 0 0 1 0 0 0 0 0 0 0 0 0 1 0 0 0 0 0 1 0 1 0 0 1 1 1 0 0 0 1 0 0 0 1 0 1 1 0 0 0 0 0 1 0 0 0 0 1 0 1 0 0 0 0 0 0 1 1 0 1 0 0 0 0 0 0 0 1 0 1 0 1 0 0 0 1 0 1 0 0 1 0 0 0 0 0 0 1 1 0 1 0 0 1 1 0 0 0 0 1 0 0 0 0 1 0 1 0 0 0 0 0 0 0 0 0 0 0 1 0 1 0 0 1 0 0 1 0 0 0 1 0 0 0 0 0 0 0 1 0 0 0 1 0 0 0 0 0 0 0 1 0 1 1 0 0 0 
55857
0 0 0 0 1 0 0 0 0 1 0 0 0 0 0 0 1 1 1 0 0 0 0 0 0 0 0 0 0 1 0 0 0 0 0 0 1 0 0 0 0 1 0 0 0 0 0 0 0 0 0 1 1 0 0 1 0 0 0 0 0 0 1 0 0 0 1 1 0 1 0 0 1 0 0 0 1 1 0 0 0 0 0 0 1 0 0 0 0 1 0 1 0 0 0 1 0 0 1 0 0 1 0 0 1 0 0 1 1 0 0 0 0 0 1 0 0 1 0 0 1 0 0 0 0 0 1 0 0 0 0 0 1 0 1 0 0 0 0 0 1 1 0 0 0 0 1 0 0 0 1 0 0 0 0 0 1 1 0 0 0 0 0 1 0 0 0 0 0 1 1 0 0 1 1 0 1 1 0 0 0 0 0 0 0 0 1 0 1 0 0 0 0 0 0 0 0 0 0 1 0 0 0 0 0 1 1 0 0 0 1 0 1 0 0 0 0 1 0 1 0 1 0 0 1 0 0 0 0 0 0 0 0 1 0 0 1 0 0 0 0 0 0 0 0 0 1 0 0 1 
56138
0 0 1 0 0 0 1 1 1 0 0 0 0 0 0 1 1 0 0 1 0 0 0 0 0 1 0 0 0 1 0 0 0 0 0 1 0 1 0 1 0 0 0 0 1 1 0 0 1 1 0 0 1 0 1 0 0 0 0 0 0 0 0 0 0 1 1 0 0 0 1 1 0 0 0 0 0 0 0 0 0 0 0 0 0 0 0 0 0 0 0 0 0 0 0 0 0 0 0 0 0 0 1 0 0 1 1 0 0 0 0 0 0 0 0 0 1 1 1 0 0 1 0 1 0 1 0 0 0 0 1 0 1 0 0 0 0 1 1 1 1 1 0 0 0 0 0 0 0 1 1 0 0 0 0 0 0 0 1 0 0 1 1 0 0 0 0 0 1 0 0 0 0 0 0 0 0 1 0 0 0 0 0 0 0 0 0 0 0 1 0 1 1 0 0 0 0 0 0 0 1 0 0 0 0 0 1 0 1 0 0 0 1 0 0 1 1 0 0 1 0 0 0 0 1 0 0 0 0 0 1 0 0 1 0 0 0 1 0 0 0 1 1 0 1 0 0 0 0 0 
57167
1 0 0 0 0 0 0 0 1 0 0 0 0 1 0 0 0 1 0 0 1 0 1 1 0 1 1 0 1 0 0 0 0 0 0 1 0 0 0 0 0 0 0 0 0 1 0 0 0 0 1 0 0 1 0 0 0 0 0 1 0 0 1 1 0 0 0 1 0 0 0 0 0 1 1 0 1 0 1 0 0 1 0 0 1 0 0 0 1 0 0 1 0 1 0 0 0 0 0 1 0 1 0 1 1 0 0 1 0 0 0 0 0 1 0 0 0 1 1 0 0 1 0 0 0 0 0 0 1 1 0 0 0 0 0 0 0 1 0 1 0 0 0 1 0 0 0 0 1 0 0 0 1 0 0 1 1 1 0 0 0 0 1 0 0 0 0 1 1 0 0 0 0 0 0 0 0 0 0 0 0 0 0 0 1 0 0 1 1 0 0 0 1 0 0 0 0 0 0 1 0 0 0 0 0 0 1 0 1 0 0 0 0 1 0 0 0 1 0 0 0 0 0 0 0 0 0 0 0 0 1 0 0 0 0 0 0 0 0 0 1 0 0 1 0 0 1 0 0 0 
56004
1 0 0 0 0 0 0 1 0 0 1 0 0 0 0 0 1 0 0 0 0 0 0 0 0 0 0 0 1 0 0 1 0 0 0 0 0 1 1 0 0 0 1 1 1 0 0 0 1 0 0 0 0 1 0 0 0 1 0 0 0 0 0 1 0 0 0 1 1 0 0 1 1 0 0 0 0 0 0 0 0 0 0 0 0 1 0 0 0 0 0 1 0 0 0 0 0 1 0 0 0 0 1 0 0 1 0 0 0 0 0 0 1 0 0 0 1 1 0 0 0 0 0 0 0 0 0 1 0 0 0 0 1 1 0 0 0 0 0 0 1 1 0 0 0 1 0 1 0 0 0 0 0 0 0 1 0 0 0 0 0 0 0 0 0 0 1 0 1 0 1 1 1 0 0 0 0 0 0 0 1 0 0 0 0 0 0 0 0 0 0 1 0 1 0 1 0 0 0 0 0 1 0 0 0 0 0 1 0 0 1 0 1 0 0 1 1 0 1 1 0 0 0 0 1 0 1 0 1 0 0 0 0 0 0 0 1 0 1 0 0 0 0 1 0 1 0 1 0 1 
107341
0 0 1 1 1 0 0 1 0 0 1 0 1 0 0 1 1 1 0 1 0 0 0 0 0 0 1 1 1 1 1 1 0 0 0 1 0 0 1 1 1 0 0 0 0 0 0 0 1 1 1 1 1 0 1 1 1 1 0 0 1 1 1 1 1 1 0 0 1 0 0 0 0 1 0 1 0 1 0 1 1 0 1 1 1 0 1 0 0 1 1 1 0 0 0 0 0 1 0 1 0 1 1 1 1 1 0 0 0 1 1 1 0 0 0 1 0 1 1 0 1 1 1 0 1 0 1 0 1 1 0 0 1 1 0 1 1 0 0 1 0 0 1 1 0 0 0 1 0 1 1 0 1 1 1 1 1 1 1 1 0 1 0 1 0 0 1 1 0 0 0 1 1 0 0 0 1 1 0 0 1 0 0 0 1 0 1 0 1 1 0 0 0 0 0 0 0 1 1 1 0 1 0 1 1 0 1 0 1 0 0 1 0 1 0 1 0 0 0 0 1 0 1 0 1 1 0 0 0 0 1 0 1 1 1 1 0 0 0 1 1 1 0 0 0 0 0 0 1 0 
108068
0 1 1 0 0 1 1 0 1 1 0 1 1 0 0 1 1 1 1 1 1 0 1 1 1 0 0 0 1 0 0 1 0 0 0 0 1 0 1 0 1 1 1 1 0 1 1 0 0 1 0 1 0 1 1 0 0 0 0 1 1 1 1 1 1 1 1 0 1 0 1 1 0 0 1 1 1 0 1 1 1 0 1 0 0 1 1 1 1 1 0 0 0 0 0 1 1 0 0 0 0 1 0 1 1 0 0 1 1 0 0 1 1 0 1 1 0 0 0 1 0 1 0 0 1 0 1 0 0 1 0 1 0 0 0 0 1 0 0 0 0 0 0 0 1 1 0 0 1 0 1 0 1 1 0 0 1 1 1 1 1 0 1 0 1 1 0 1 0 0 1 0 1 0 1 0 0 0 1 0 1 1 1 0 1 0 0 0 1 0 0 0 1 1 1 0 0 1 1 1 1 0 1 0 0 0 0 0 1 0 0 0 0 1 0 1 1 0 1 1 0 1 0 0 0 1 0 0 0 0 1 0 0 1 1 1 1 0 1 0 1 1 0 1 1 0 0 0 1 0 
106227
0 1 0 1 0 1 0 1 1 1 0 1 1 1 0 0 1 1 0 1 0 1 0 0 1 0 0 1 1 0 1 1 0 1 1 0 0 1 0 0 0 1 0 0 0 0 0 1 1 0 0 1 0 1 0 0 0 1 0 1 1 0 1 1 1 1 0 0 1 1 0 0 1 1 0 1 1 0 1 1 0 0 1 1 1 0 1 1 0 0 0 1 1 1 0 0 0 0 1 1 0 1 1 0 0 0 1 0 1 0 0 0 1 1 0 1 0 1 0 0 1 1 1 0 0 1 1 0 0 0 0 1 0 0 1 1 0 0 1 0 1 1 0 0 1 0 0 1 0 0 1 1 0 1 1 0 0 1 0 0 1 0 1 0 1 0 0 0 0 0 1 1 0 0 0 0 1 0 0 1 0 0 1 1 0 1 0 1 1 0 1 0 0 1 0 0 1 0 0 0 1 1 0 0 1 1 1 1 0 0 1 1 1 1 1 1 1 0 0 1 0 1 1 1 0 0 1 0 0 0 1 0 1 0 0 1 1 1 1 0 0 0 1 1 0 1 1 1 0 1 
106541
0 0 1 0 0 0 1 1 0 1 0 1 0 0 0 1 0 0 1 0 1 0 1 1 0 1 0 1 0 1 0 0 0 0 0 1 0 0 1 1 1 0 0 1 1 1 0 0 1 1 1 1 0 0 1 1 1 0 1 0 1 1 1 1 1 1 0 1 1 1 0 1 0 1 1 1 1 0 0 1 0 0 0 0 1 0 0 0 1 0 0 0 1 1 1 0 0 0 1 0 0 1 0 1 0 1 1 0 0 1 0 0 1 0 0 0 1 0 0 0 1 1 0 0 1 1 1 0 1 1 1 0 0 0 0 1 1 0 0 1 0 1 1 0 1 0 1 0 1 0 0 0 1 1 1 1 1 1 0 0 1 1 1 1 0 0 1 0 1 0 1 0 0 0 1 1 0 1 0 1 1 0 0 1 0 1 0 0 0 0 1 1 0 1 0 1 0 0 1 0 0 1 1 1 0 1 0 0 0 0 0 1 1 1 1 0 0 0 0 0 0 1 0 1 1 1 1 1 1 0 0 0 1 0 0 1 1 1 1 1 1 0 1 0 1 0 0 0 1 1 
107262
0 0 0 0 0 1 0 0 1 1 0 0 0 1 0 0 1 1 1 0 1 1 0 1 0 1 0 1 0 0 0 0 0 0 0 1 1 0 1 1 0 1 0 0 0 1 0 0 1 0 1 1 1 1 1 0 1 0 1 0 0 0 0 1 1 0 1 1 0 1 1 0 1 0 1 1 1 0 0 1 0 1 0 0 1 1 0 0 0 1 0 1 1 0 0 0 1 1 1 0 1 1 0 0 1 0 1 0 1 0 0 1 1 1 1 1 0 1 0 0 0 0 0 0 0 0 0 0 1 1 1 0 1 0 0 1 1 1 0 0 0 0 1 1 1 1 0 0 0 1 1 1 1 1 1 1 0 1 0 1 0 0 0 0 0 1 0 0 1 1 1 1 1 1 0 0 1 1 1 0 1 0 0 0 1 0 1 0 0 1 1 0 1 0 0 0 1 0 1 0 1 1 0 1 0 1 0 0 0 1 1 1 1 1 1 0 0 1 0 1 1 1 0 0 1 1 1 0 0 1 1 0 0 0 1 0 1 1 1 1 0 1 1 0 0 1 1 0 1 0 
107006
0 0 0 0 0 1 1 0 0 1 1 0 0 1 1 0 0 0 1 1 1 1 0 0 1 1 0 1 1 0 1 0 0 0 0 1 0 0 1 0 1 0 0 1 0 1 1 0 1 1 0 0 0 0 1 0 1 0 0 0 0 1 1 1 1 0 1 1 0 0 1 0 1 1 1 0 1 1 0 0 0 1 1 1 1 0 1 0 0 1 1 0 0 0 1 1 1 0 1 1 0 1 1 1 1 1 0 1 1 1 0 0 1 0 0 1 0 1 0 0 1 1 0 1 0 1 1 1 1 0 0 1 1 1 1 1 0 0 0 0 0 1 0 1 1 1 0 0 0 1 1 1 0 0 1 1 0 0 1 0 0 1 0 0 0 0 0 1 0 1 0 1 1 1 1 0 1 0 0 0 0 1 0 0 0 1 0 0 1 1 0 0 1 1 1 1 1 1 0 1 0 1 0 0 1 0 0 0 1 0 1 0 0 1 1 0 0 1 0 1 0 0 1 1 0 1 1 1 0 1 0 1 0 0 1 1 0 0 1 1 1 0 1 0 0 0 1 1 0 0 
105946
1 1 1 0 1 0 0 0 1 1 1 0 1 1 0 0 0 0 0 1 0 0 0 0 0 1 0 0 0 1 0 0 1 1 0 1 1 0 0 1 0 0 1 1 0 1 0 1 0 1 1 0 1 0 1 0 1 1 0 1 0 0 1 0 0 1 0 0 1 1 0 0 1 0 0 0 0 1 1 0 1 0 1 0 0 1 1 1 1 0 0 0 0 1 1 0 1 1 1 1 0 1 0 0 0 0 0 0 1 0 0 1 1 0 1 1 0 1 1 1 0 0 0 1 1 0 1 1 0 0 0 0 1 0 1 0 1 0 0 1 0 1 1 1 0 0 1 1 0 1 1 1 1 0 0 0 1 1 0 0 0 1 0 0 0 1 0 1 1 1 1 1 1 1 0 1 0 0 0 0 0 0 1 1 0 1 1 0 0 0 0 1 1 0 0 1 1 1 1 0 0 1 0 1 1 1 1 1 1 0 0 1 1 1 0 0 0 1 1 1 1 1 1 1 0 0 1 0 0 1 0 0 0 1 1 0 0 0 1 0 0 1 0 1 1 1 1 1 0 1 
103784
1 0 0 0 0 1 0 1 1 0 0 1 0 0 0 0 1 1 1 1 0 0 1 0 0 1 1 1 1 1 1 1 0 0 1 1 0 0 0 1 1 1 1 1 1 1 0 1 1 0 0 1 0 1 0 0 1 1 0 1 1 0 1 0 0 1 0 0 1 1 0 1 0 1 0 1 1 1 1 1 1 0 1 1 0 1 1 0 1 0 1 1 0 0 1 0 1 0 0 0 0 0 0 1 0 0 0 1 0 0 1 0 0 1 1 0 0 0 0 1 0 0 1 0 1 1 0 0 1 0 1 0 0 1 1 0 0 0 0 1 0 1 1 0 1 0 1 1 0 1 0 0 0 0 1 0 1 1 0 1 0 1 1 1 0 0 0 0 1 0 1 0 0 0 0 0 0 1 1 0 0 1 0 1 1 1 1 0 1 0 1 0 0 1 0 0 1 1 0 1 0 1 0 1 1 1 0 1 0 1 1 1 1 1 0 0 1 0 1 1 1 0 0 0 1 1 1 1 1 0 0 0 1 0 1 0 0 0 0 1 0 1 0 0 1 1 0 0 0 1 
106438
1 0 1 0 1 1 1 1 0 1 0 1 1 1 1 1 1 1 1 0 1 0 0 0 0 0 1 1 1 1 0 1 0 1 0 0 1 0 0 0 0 1 1 1 0 0 0 1 0 0 0 0 0 1 0 0 0 0 1 1 0 0 1 1 0 1 1 0 0 1 0 1 0 1 0 1 0 1 1 1 0 1 0 0 1 0 0 0 1 0 0 1 0 0 1 1 0 0 0 0 0 0 0 1 1 0 1 0 1 1 1 1 1 1 0 1 1 1 0 1 0 0 1 0 1 0 1 1 0 1 0 0 1 0 0 0 0 1 0 0 1 1 1 0 1 1 1 1 1 1 1 0 0 0 1 0 1 0 1 1 0 1 1 0 0 1 0 0 0 0 0 1 1 1 0 1 0 0 0 1 1 1 0 1 1 0 1 0 0 0 1 0 1 0 1 0 0 0 1 0 0 0 1 1 0 0 1 1 1 0 1 0 1 0 1 1 1 1 1 1 0 0 0 1 1 0 1 0 0 0 0 0 1 1 1 1 0 0 0 0 0 0 1 1 0 0 1 1 0 0 
105446
0 0 1 1 0 1 0 1 1 0 0 1 0 1 0 1 1 1 1 0 0 0 0 1 1 1 1 1 1 0 0 1 0 0 0 0 0 1 1 1 1 1 0 1 1 0 1 1 0 1 1 1 0 1 1 1 1 1 1 0 0 1 1 0 0 0 0 0 1 0 1 0 0 1 0 0 0 1 1 1 0 0 1 0 0 0 0 1 1 1 1 0 1 0 1 1 1 1 1 0 0 0 1 0 0 1 1 1 1 1 1 1 1 1 0 0 1 1 0 0 1 0 0 1 0 1 0 0 0 0 0 0 0 1 1 1 1 1 0 0 1 0 1 0 1 0 0 0 0 0 0 0 1 0 0 0 1 1 1 1 0 1 1 1 1 0 0 1 1 0 1 1 1 1 1 1 1 1 0 0 0 0 1 1 0 0 0 0 1 0 1 0 0 1 0 0 0 0 0 1 0 1 1 1 0 1 1 0 0 0 0 0 1 0 1 0 1 1 0 0 1 0 1 0 1 0 0 0 0 0 1 1 0 1 1 0 0 0 0 0 1 0 1 0 0 1 1 0 0 1 
150044
1 1 1 1 1 1 1 1 1 1 0 1 1 1 1 1 1 1 1 1 1 1 0 1 1 1 1 1 1 1 1 0 0 1 1 1 1 1 1 0 1 1 1 1 1 1 1 0 0 0 1 1 1 0 1 1 1 0 1 0 1 0 0 1 1 1 0 1 0 1 0 0 1 1 1 1 1 1 0 1 0 1 1 1 0 0 0 1 1 1 1 1 1 1 0 1 1 1 0 1 0 0 1 1 1 1 1 1 1 1 1 0 1 1 1 1 1 0 1 1 1 0 1 1 1 0 1 1 1 1 0 1 1 1 1 0 1 1 1 0 0 0 1 1 1 0 1 1 1 0 1 1 1 1 1 1 1 1 0 1 1 1 1 0 1 0 1 1 0 0 0 1 1 1 0 1 0 1 1 1 1 1 1 1 1 0 0 1 1 0 0 1 0 1 1 1 1 1 0 0 1 0 1 0 1 1 1 1 1 1 1 1 0 0 1 0 1 1 1 1 1 1 0 1 1 1 0 1 1 1 0 1 1 1 1 1 1 0 1 1 1 1 0 1 1 1 1 0 1 0 
149750
1 1 1 1 1 1 1 1 1 0 1 1 1 1 1 1 0 1 1 1 1 0 1 1 1 1 1 1 1 1 1 0 0 0 1 0 1 1 1 1 1 1 1 0 1 1 0 1 1 1 0 1 1 1 1 1 1 0 1 0 1 0 1 0 1 0 1 1 1 1 1 0 1 1 1 1 1 1 1 1 0 1 0 0 1 1 1 1 0 1 0 0 1 1 1 1 0 1 1 0 1 1 0 1 1 1 1 1 1 0 1 1 1 1 1 0 1 1 1 1 1 0 1 1 0 1 1 1 1 1 1 1 0 0 0 1 1 0 1 1 1 1 1 1 1 1 0 1 1 1 1 0 0 1 1 0 0 1 1 0 0 0 1 0 1 1 0 1 1 0 1 1 1 1 1 0 0 1 1 1 0 1 1 1 1 0 0 1 1 1 0 1 1 1 1 0 1 1 1 1 1 1 1 1 0 1 0 1 0 1 1 0 1 0 1 1 1 1 1 1 1 0 0 1 1 1 1 1 1 0 1 0 0 0 0 1 1 1 1 1 1 1 1 1 0 1 1 1 1 1 
152909
1 1 1 1 0 1 1 0 1 1 0 1 0 1 1 0 1 1 1 1 0 1 1 1 1 1 1 1 1 1 1 1 0 0 1 1 1 1 0 1 1 1 0 1 1 1 1 0 1 1 0 1 1 0 1 1 0 1 0 0 1 0 0 1 1 1 0 1 1 1 1 1 1 0 0 1 1 0 1 0 1 0 1 1 1 1 1 1 0 0 1 0 0 1 0 1 1 0 0 1 1 1 1 1 1 1 1 0 1 0 1 1 1 1 1 0 1 1 1 0 1 0 1 1 0 1 0 1 1 1 1 0 1 1 1 1 0 0 1 1 1 1 1 1 1 1 1 1 1 1 0 0 1 0 0 1 1 1 1 1 1 1 1 0 0 1 1 1 0 0 1 1 1 1 1 0 0 1 0 0 1 1 1 1 0 1 1 1 1 1 0 1 1 0 1 1 1 1 1 1 1 1 1 1 1 0 1 1 1 1 1 1 0 1 1 1 1 1 1 1 1 1 1 1 1 1 1 1 1 1 0 0 1 1 1 1 1 1 1 0 1 0 1 0 1 1 1 1 0 1 
153030
0 0 1 0 1 1 1 1 0 1 0 0 1 1 0 1 1 1 1 1 1 0 1 1 1 1 1 1 1 0 0 1 1 1 0 1 0 0 1 1 1 1 0 1 1 1 1 1 0 1 0 1 0 1 1 0 1 1 0 1 1 1 1 1 1 0 1 1 1 1 1 1 1 0 1 1 1 0 1 1 1 1 0 1 0 1 1 1 0 1 1 0 0 1 1 1 1 1 1 1 1 1 0 1 1 1 1 0 1 1 1 1 1 1 1 1 0 1 0 1 1 0 1 1 1 1 0 0 0 0 1 1 1 1 0 1 1 0 1 1 0 0 0 1 0 1 1 1 1 1 1 1 1 1 1 1 1 1 0 1 0 1 1 1 1 1 1 1 0 1 1 1 0 0 1 1 1 1 1 1 1 1 1 1 1 1 0 1 0 0 1 1 0 1 0 1 1 1 1 1 1 0 1 1 1 1 1 1 1 1 1 1 0 1 1 0 1 0 1 1 1 1 0 1 1 1 1 1 1 1 1 1 0 1 1 0 1 0 0 0 1 1 0 1 1 1 1 1 1 0 
150019
1 1 0 1 1 1 1 0 1 1 1 1 1 1 0 1 0 1 1 1 1 0 1 1 1 1 0 1 1 1 1 1 1 1 1 1 1 0 1 0 0 1 1 1 1 1 1 1 0 1 0 0 1 1 1 1 1 1 1 1 1 1 1 1 0 0 1 1 1 0 1 1 1 0 0 1 0 1 0 1 1 1 0 1 1 1 1 1 1 1 0 1 1 1 1 1 1 1 1 0 1 1 1 1 0 1 0 1 1 1 1 1 1 0 1 1 1 0 0 1 1 1 1 0 1 1 1 0 1 1 0 1 1 0 0 1 1 1 1 0 0 1 0 1 1 0 0 1 1 1 1 1 1 0 1 1 0 1 1 0 1 1 1 0 1 1 1 1 0 0 0 1 1 1 0 1 1 1 0 1 1 1 1 1 0 0 1 0 1 1 1 1 1 0 0 1 0 0 1 1 1 1 1 1 1 1 0 1 1 1 1 1 1 0 1 0 1 1 1 0 1 0 1 1 1 1 1 0 1 0 1 0 1 1 1 1 1 1 0 1 0 1 0 1 1 1 0 1 1 1 
148350
1 1 1 1 1 1 1 1 0 1 1 1 1 0 1 1 1 0 1 0 1 1 1 1 1 0 1 1 0 1 1 1 0 1 0 1 0 1 1 1 1 1 1 1 1 1 1 1 1 0 1 1 1 1 0 1 1 1 1 1 1 0 1 1 1 1 1 0 1 1 1 1 1 0 1 1 1 1 1 1 1 1 1 0 1 1 0 1 1 1 0 1 0 0 1 1 1 1 0 1 1 0 1 0 0 0 1 1 1 1 1 1 1 0 0 0 1 1 1 0 1 1 0 1 1 1 1 1 1 1 1 0 0 0 0 1 1 0 1 1 1 0 1 1 0 1 1 0 1 1 1 1 0 1 1 0 0 1 1 0 1 1 0 1 1 0 0 0 1 1 1 1 1 1 1 0 1 1 0 1 1 1 1 1 0 1 0 1 1 0 1 1 1 1 1 1 1 1 1 1 1 0 1 1 1 1 1 1 1 0 1 0 0 0 1 0 1 1 1 1 0 0 1 0 1 0 0 0 1 1 1 1 1 1 1 1 0 1 1 1 1 1 1 1 1 0 1 1 1 1 
147449
1 0 0 0 1 0 1 1 0 1 1 0 1 0 1 1 1 1 1 1 0 1 0 1 1 1 1 1 1 0 1 0 1 1 1 1 1 1 1 1 1 0 1 1 1 0 1 1 0 0 1 0 0 1 1 1 1 0 1 1 1 1 1 1 1 1 1 1 1 1 1 1 1 1 1 0 1 0 1 1 1 1 1 0 1 1 1 1 0 1 1 1 1 1 1 1 1 1 1 0 1 1 1 1 1 1 0 0 1 1 1 1 0 1 1 1 1 1 0 1 1 0 0 1 1 0 1 1 1 1 1 1 1 0 1 1 1 1 1 1 0 0 0 1 1 0 1 0 0 1 1 1 0 1 1 1 1 1 1 1 1 1 1 0 1 1 1 1 0 1 1 0 0 0 1 0 0 1 1 0 1 1 0 1 0 0 1 0 0 1 1 0 1 1 1 1 1 1 1 1 1 0 1 1 1 1 1 0 0 0 0 0 1 1 1 1 1 1 1 1 1 1 1 1 1 1 0 1 0 1 1 1 1 1 1 0 1 0 1 1 1 1 1 0 1 1 0 1 1 1 
152734
1 1 0 1 1 0 0 0 1 1 1 1 0 1 1 1 1 1 1 0 1 1 1 1 1 1 1 1 1 1 1 1 1 0 0 1 0 0 0 0 1 1 1 1 0 1 0 1 1 1 1 1 1 0 1 1 1 1 1 0 1 1 1 1 0 0 1 1 0 0 1 1 1 0 1 1 1 0 1 1 0 1 0 1 1 1 1 1 1 1 1 0 1 1 1 1 0 1 1 1 0 1 0 1 0 0 1 1 1 1 1 1 1 1 1 1 1 1 1 0 0 1 1 1 0 1 1 0 1 0 1 0 1 1 1 0 1 1 1 1 1 1 1 1 0 0 1 1 1 1 0 0 0 1 1 0 0 1 0 1 1 0 1 1 1 1 0 1 1 1 1 1 1 1 1 1 1 1 1 1 1 1 1 0 0 1 0 0 0 1 1 1 1 1 1 1 1 0 1 1 1 0 1 1 1 0 0 0 1 0 1 1 0 1 1 1 1 1 1 1 0 0 1 1 1 1 1 1 1 1 0 1 1 1 1 1 1 1 1 1 1 0 1 1 1 0 0 1 1 1 
149362
0 0 0 1 0 1 1 1 1 1 1 0 0 1 1 0 0 0 1 1 1 0 0 1 1 0 1 1 1 0 1 1 1 1 1 1 1 1 1 0 1 1 1 0 1 1 1 1 1 1 1 1 1 1 1 1 0 1 1 0 1 1 1 1 1 1 1 0 1 1 1 1 1 1 0 1 0 1 1 1 0 1 0 1 1 1 1 0 0 1 0 1 0 1 1 0 1 0 1 0 1 1 1 1 1 0 0 0 0 1 1 1 1 1 1 0 0 1 1 1 1 1 1 1 1 1 1 1 1 1 1 1 0 1 0 1 1 1 1 1 1 1 1 1 1 0 1 1 1 1 1 1 0 0 0 0 1 1 1 1 0 0 1 1 0 1 0 1 1 1 1 1 1 0 0 1 1 1 0 0 1 1 1 1 1 1 1 1 1 1 1 1 1 0 1 1 1 0 0 0 1 1 0 1 1 1 1 1 1 1 1 1 1 1 1 1 0 1 0 0 1 1 1 0 1 1 1 0 1 1 1 1 1 0 1 0 0 1 1 0 1 1 1 1 0 1 1 1 1 1 
149425
1 0 1 1 1 1 1 1 0 1 0 1 1 1 1 1 1 1 1 0 0 0 1 1 1 1 1 1 1 1 1 1 1 0 1 1 1 1 1 1 1 0 1 1 1 0 0 1 1 1 0 1 1 1 0 0 1 1 1 1 1 1 1 1 1 1 1 1 1 1 1 1 0 1 0 0 1 1 1 1 1 1 1 1 1 0 0 1 1 1 1 0 1 1 0 1 0 1 1 1 1 1 1 0 1 0 0 1 1 1 0 1 1 1 1 1 1 1 1 1 1 1 1 1 1 1 0 1 1 0 1 1 0 0 1 1 1 0 1 1 1 0 1 1 0 1 1 1 0 0 1 1 1 1 0 1 0 0 1 1 1 1 1 1 0 1 1 1 1 1 1 1 0 1 0 1 1 1 1 1 1 0 1 0 0 1 1 0 1 1 0 1 0 1 1 1 0 1 0 1 1 0 1 1 1 0 1 1 1 1 1 1 0 1 1 1 1 1 1 1 0 0 0 0 1 0 1 0 1 1 1 0 0 1 1 1 1 0 1 1 1 1 1 0 1 0 0 0 0 1 
